NC_000962.3_RagTag	NC_000962.3_RagTag	77.443	829	178	4	3810593	3811412	3814968	3815796	0.0	643
NC_000962.3_RagTag	NC_000962.3_RagTag	77.443	829	178	4	3814968	3815796	3810593	3811412	0.0	643
NC_000962.3_RagTag	NC_000962.3_RagTag	65.550	3045	859	64	1944510	1947445	2373221	2370258	0.0	645
NC_000962.3_RagTag	NC_000962.3_RagTag	65.550	3045	859	64	2370258	2373221	1947445	1944510	0.0	645
NC_000962.3_RagTag	NC_000962.3_RagTag	80.392	714	131	4	3810695	3811402	3816837	3817547	0.0	647
NC_000962.3_RagTag	NC_000962.3_RagTag	72.845	1160	221	24	1273945	1275063	1276281	1277387	0.0	649
NC_000962.3_RagTag	NC_000962.3_RagTag	72.845	1160	221	24	1276281	1277387	1273945	1275063	0.0	649
NC_000962.3_RagTag	NC_000962.3_RagTag	65.613	3228	785	102	3795979	3799084	4007364	4004340	0.0	651
NC_000962.3_RagTag	NC_000962.3_RagTag	67.850	2056	622	25	629176	631212	690485	688450	0.0	651
NC_000962.3_RagTag	NC_000962.3_RagTag	67.850	2056	622	25	688450	690485	631212	629176	0.0	651
NC_000962.3_RagTag	NC_000962.3_RagTag	80.168	716	142	0	3816832	3817547	3823918	3824633	0.0	652
NC_000962.3_RagTag	NC_000962.3_RagTag	80.168	716	142	0	3823918	3824633	3816832	3817547	0.0	652
NC_000962.3_RagTag	NC_000962.3_RagTag	83.494	624	98	3	443076	443694	3443024	3442401	0.0	653
NC_000962.3_RagTag	NC_000962.3_RagTag	74.000	1050	230	11	518482	519505	519880	520912	0.0	653
NC_000962.3_RagTag	NC_000962.3_RagTag	74.000	1050	230	11	519880	520912	518482	519505	0.0	653
NC_000962.3_RagTag	NC_000962.3_RagTag	83.494	624	98	3	3442401	3443024	443694	443076	0.0	653
NC_000962.3_RagTag	NC_000962.3_RagTag	79.587	774	147	9	3810622	3811388	3808885	3809654	0.0	654
NC_000962.3_RagTag	NC_000962.3_RagTag	70.796	1356	308	19	4027704	4029027	4055876	4054577	0.0	655
NC_000962.3_RagTag	NC_000962.3_RagTag	70.796	1356	308	19	4054577	4055876	4029027	4027704	0.0	655
NC_000962.3_RagTag	NC_000962.3_RagTag	79.124	776	158	4	3816790	3817563	3818572	3819345	0.0	655
NC_000962.3_RagTag	NC_000962.3_RagTag	79.124	776	158	4	3818572	3819345	3816790	3817563	0.0	655
NC_000962.3_RagTag	NC_000962.3_RagTag	66.887	1963	454	29	460829	462636	463520	465441	0.0	656
NC_000962.3_RagTag	NC_000962.3_RagTag	66.887	1963	454	29	463520	465441	460829	462636	0.0	656
NC_000962.3_RagTag	NC_000962.3_RagTag	66.023	2484	574	58	925419	927746	430641	428272	0.0	657
NC_000962.3_RagTag	NC_000962.3_RagTag	68.698	1920	526	36	1943493	1945382	2379739	2377865	0.0	659
NC_000962.3_RagTag	NC_000962.3_RagTag	68.698	1920	526	36	2377865	2379739	1945382	1943493	0.0	659
NC_000962.3_RagTag	NC_000962.3_RagTag	67.112	2171	556	40	464624	466676	521151	523281	0.0	659
NC_000962.3_RagTag	NC_000962.3_RagTag	67.112	2171	556	40	521151	523281	464624	466676	0.0	659
NC_000962.3_RagTag	NC_000962.3_RagTag	82.416	654	115	0	466022	466675	463340	463993	0.0	662
NC_000962.3_RagTag	NC_000962.3_RagTag	65.607	3210	785	96	3796587	3799677	4007368	4004359	0.0	667
NC_000962.3_RagTag	NC_000962.3_RagTag	73.020	1212	302	15	1631181	1632383	3500215	3499020	0.0	667
NC_000962.3_RagTag	NC_000962.3_RagTag	73.020	1212	302	15	3499020	3500215	1632383	1631181	0.0	667
NC_000962.3_RagTag	NC_000962.3_RagTag	70.908	1344	346	7	1561034	1562332	1563018	1564361	0.0	671
NC_000962.3_RagTag	NC_000962.3_RagTag	70.908	1344	346	7	1563018	1564361	1561034	1562332	0.0	671
NC_000962.3_RagTag	NC_000962.3_RagTag	69.308	1691	492	14	1789098	1790776	3347619	3349294	0.0	672
NC_000962.3_RagTag	NC_000962.3_RagTag	69.308	1691	492	14	3347619	3349294	1789098	1790776	0.0	672
NC_000962.3_RagTag	NC_000962.3_RagTag	77.976	840	175	4	3814968	3815805	3823821	3824652	0.0	673
NC_000962.3_RagTag	NC_000962.3_RagTag	77.976	840	175	4	3823821	3824652	3814968	3815805	0.0	673
NC_000962.3_RagTag	NC_000962.3_RagTag	74.143	1079	187	22	426841	427879	929194	928168	0.0	673
NC_000962.3_RagTag	NC_000962.3_RagTag	74.143	1079	187	22	928168	929194	427879	426841	0.0	673
NC_000962.3_RagTag	NC_000962.3_RagTag	81.032	717	134	2	3810697	3811412	3805333	3806048	0.0	673
NC_000962.3_RagTag	NC_000962.3_RagTag	73.937	1105	221	18	429570	430642	929237	928168	0.0	674
NC_000962.3_RagTag	NC_000962.3_RagTag	73.937	1105	221	18	928168	929237	430642	429570	0.0	674
NC_000962.3_RagTag	NC_000962.3_RagTag	65.856	2838	675	75	4004345	4007014	4004666	4007377	0.0	677
NC_000962.3_RagTag	NC_000962.3_RagTag	90.400	500	39	3	1180872	1181371	1182766	1183256	0.0	681
NC_000962.3_RagTag	NC_000962.3_RagTag	90.400	500	39	3	1182766	1183256	1180872	1181371	0.0	681
NC_000962.3_RagTag	NC_000962.3_RagTag	65.682	3217	767	99	4004345	4007376	3799526	3796462	0.0	682
NC_000962.3_RagTag	NC_000962.3_RagTag	79.639	776	153	2	3807066	3807837	3816790	3817564	0.0	683
NC_000962.3_RagTag	NC_000962.3_RagTag	79.639	776	153	2	3816790	3817564	3807066	3807837	0.0	683
NC_000962.3_RagTag	NC_000962.3_RagTag	67.053	2416	715	35	2369763	2372138	3355838	3358212	0.0	684
NC_000962.3_RagTag	NC_000962.3_RagTag	67.053	2416	715	35	3355838	3358212	2369763	2372138	0.0	684
NC_000962.3_RagTag	NC_000962.3_RagTag	80.239	754	146	1	3803510	3804263	3807101	3807851	0.0	687
NC_000962.3_RagTag	NC_000962.3_RagTag	80.239	754	146	1	3807101	3807851	3803510	3804263	0.0	687
NC_000962.3_RagTag	NC_000962.3_RagTag	67.796	2273	637	44	3320219	3322460	3326779	3328987	0.0	687
NC_000962.3_RagTag	NC_000962.3_RagTag	67.796	2273	637	44	3326779	3328987	3320219	3322460	0.0	687
NC_000962.3_RagTag	NC_000962.3_RagTag	83.956	642	101	2	466021	466661	460798	461438	0.0	687
NC_000962.3_RagTag	NC_000962.3_RagTag	79.087	832	168	6	3808850	3809678	3823815	3824643	0.0	695
NC_000962.3_RagTag	NC_000962.3_RagTag	79.087	832	168	6	3823815	3824643	3808850	3809678	0.0	695
NC_000962.3_RagTag	NC_000962.3_RagTag	68.747	1891	506	27	1055708	1057547	3228336	3226480	0.0	701
NC_000962.3_RagTag	NC_000962.3_RagTag	68.747	1891	506	27	3226480	3228336	1057547	1055708	0.0	701
NC_000962.3_RagTag	NC_000962.3_RagTag	73.567	1169	298	5	2706196	2707363	2708521	2709679	0.0	703
NC_000962.3_RagTag	NC_000962.3_RagTag	73.567	1169	298	5	2708521	2709679	2706196	2707363	0.0	703
NC_000962.3_RagTag	NC_000962.3_RagTag	70.884	1494	417	10	293934	295418	779685	781169	0.0	705
NC_000962.3_RagTag	NC_000962.3_RagTag	70.884	1494	417	10	779685	781169	293934	295418	0.0	705
NC_000962.3_RagTag	NC_000962.3_RagTag	72.126	1331	318	15	207596	208907	2988160	2989456	0.0	709
NC_000962.3_RagTag	NC_000962.3_RagTag	72.126	1331	318	15	2988160	2989456	207596	208907	0.0	709
NC_000962.3_RagTag	NC_000962.3_RagTag	72.898	1225	284	10	2704373	2705573	3550557	3551757	0.0	711
NC_000962.3_RagTag	NC_000962.3_RagTag	72.898	1225	284	10	3550557	3551757	2704373	2705573	0.0	711
NC_000962.3_RagTag	NC_000962.3_RagTag	81.511	741	135	2	3815065	3815804	3818608	3819347	0.0	712
NC_000962.3_RagTag	NC_000962.3_RagTag	66.627	2544	691	42	462023	464496	518547	521002	0.0	714
NC_000962.3_RagTag	NC_000962.3_RagTag	66.627	2544	691	42	518547	521002	462023	464496	0.0	714
NC_000962.3_RagTag	NC_000962.3_RagTag	82.783	697	117	1	3807144	3807837	3808989	3809685	0.0	715
NC_000962.3_RagTag	NC_000962.3_RagTag	72.934	1234	285	11	2702301	2703509	3550548	3551757	0.0	715
NC_000962.3_RagTag	NC_000962.3_RagTag	72.934	1234	285	11	3550548	3551757	2702301	2703509	0.0	715
NC_000962.3_RagTag	NC_000962.3_RagTag	66.679	2617	834	24	629201	631798	2686880	2684283	0.0	715
NC_000962.3_RagTag	NC_000962.3_RagTag	66.679	2617	834	24	2684283	2686880	631798	629201	0.0	715
NC_000962.3_RagTag	NC_000962.3_RagTag	72.297	1415	318	30	429309	430669	2063304	2064698	0.0	717
NC_000962.3_RagTag	NC_000962.3_RagTag	72.297	1415	318	30	2063304	2064698	429309	430669	0.0	717
NC_000962.3_RagTag	NC_000962.3_RagTag	67.466	2127	523	32	459456	461433	518416	520522	0.0	725
NC_000962.3_RagTag	NC_000962.3_RagTag	67.466	2127	523	32	518416	520522	459456	461433	0.0	725
NC_000962.3_RagTag	NC_000962.3_RagTag	68.505	2067	606	24	553918	555963	2870032	2867990	0.0	726
NC_000962.3_RagTag	NC_000962.3_RagTag	68.505	2067	606	24	2867990	2870032	555963	553918	0.0	726
NC_000962.3_RagTag	NC_000962.3_RagTag	87.910	579	53	4	1424040	1424605	1614671	1614097	0.0	727
NC_000962.3_RagTag	NC_000962.3_RagTag	75.422	1066	252	5	1940670	1941730	1957735	1958795	0.0	728
NC_000962.3_RagTag	NC_000962.3_RagTag	75.422	1066	252	5	1957735	1958795	1940670	1941730	0.0	728
NC_000962.3_RagTag	NC_000962.3_RagTag	89.127	561	56	3	1614115	1614671	1424599	1424040	0.0	728
NC_000962.3_RagTag	NC_000962.3_RagTag	64.304	4656	1111	149	3796750	3801062	3795979	3800426	0.0	729
NC_000962.3_RagTag	NC_000962.3_RagTag	71.467	1472	390	12	2696562	2698012	2698171	2699633	0.0	735
NC_000962.3_RagTag	NC_000962.3_RagTag	71.467	1472	390	12	2698171	2699633	2696562	2698012	0.0	735
NC_000962.3_RagTag	NC_000962.3_RagTag	68.948	1958	534	27	1951910	1953811	3358214	3356275	0.0	736
NC_000962.3_RagTag	NC_000962.3_RagTag	68.948	1958	534	27	3356275	3358214	1953811	1951910	0.0	736
NC_000962.3_RagTag	NC_000962.3_RagTag	66.222	2774	614	74	425127	427828	1015081	1012559	0.0	737
NC_000962.3_RagTag	NC_000962.3_RagTag	63.767	5415	1300	173	3796157	3801189	3795908	3801042	0.0	737
NC_000962.3_RagTag	NC_000962.3_RagTag	71.791	1496	394	18	2053550	2055028	2696625	2698109	0.0	740
NC_000962.3_RagTag	NC_000962.3_RagTag	71.791	1496	394	18	2696625	2698109	2053550	2055028	0.0	740
NC_000962.3_RagTag	NC_000962.3_RagTag	74.705	1103	226	8	3803510	3804608	3820419	3821472	0.0	744
NC_000962.3_RagTag	NC_000962.3_RagTag	74.705	1103	226	8	3820419	3821472	3803510	3804608	0.0	744
NC_000962.3_RagTag	NC_000962.3_RagTag	78.815	878	186	0	689663	690540	1838737	1839614	0.0	746
NC_000962.3_RagTag	NC_000962.3_RagTag	78.815	878	186	0	1838737	1839614	689663	690540	0.0	746
NC_000962.3_RagTag	NC_000962.3_RagTag	73.288	1168	221	8	461982	463060	457986	459151	0.0	746
NC_000962.3_RagTag	NC_000962.3_RagTag	71.179	1544	408	14	2696568	2698088	2699936	2701465	0.0	749
NC_000962.3_RagTag	NC_000962.3_RagTag	70.765	1594	391	19	1348341	1349925	3587750	3589277	0.0	756
NC_000962.3_RagTag	NC_000962.3_RagTag	70.765	1594	391	19	3587750	3589277	1348341	1349925	0.0	756
NC_000962.3_RagTag	NC_000962.3_RagTag	68.108	2336	657	39	2375326	2377614	3355836	3358130	0.0	758
NC_000962.3_RagTag	NC_000962.3_RagTag	68.108	2336	657	39	3355836	3358130	2375326	2377614	0.0	758
NC_000962.3_RagTag	NC_000962.3_RagTag	71.819	1281	239	7	464649	465841	459351	460597	0.0	762
NC_000962.3_RagTag	NC_000962.3_RagTag	73.065	1292	276	14	466025	467259	523755	525031	0.0	764
NC_000962.3_RagTag	NC_000962.3_RagTag	73.065	1292	276	14	523755	525031	466025	467259	0.0	764
NC_000962.3_RagTag	NC_000962.3_RagTag	64.439	4862	1133	165	3795908	3800426	3796454	3801062	0.0	767
NC_000962.3_RagTag	NC_000962.3_RagTag	70.703	1594	372	18	3587721	3589261	4027502	4029053	0.0	774
NC_000962.3_RagTag	NC_000962.3_RagTag	70.703	1594	372	18	4027502	4029053	3587721	3589261	0.0	774
NC_000962.3_RagTag	NC_000962.3_RagTag	68.599	2070	480	40	517146	519160	519990	521944	0.0	776
NC_000962.3_RagTag	NC_000962.3_RagTag	75.290	1121	237	6	3803505	3804620	3822160	3823245	0.0	783
NC_000962.3_RagTag	NC_000962.3_RagTag	75.290	1121	237	6	3822160	3823245	3803505	3804620	0.0	783
NC_000962.3_RagTag	NC_000962.3_RagTag	70.358	1788	477	22	3347524	3349290	4354805	4356560	0.0	784
NC_000962.3_RagTag	NC_000962.3_RagTag	70.358	1788	477	22	4354805	4356560	3347524	3349290	0.0	784
NC_000962.3_RagTag	NC_000962.3_RagTag	85.444	687	99	1	3898462	3899147	3899259	3899945	0.0	785
NC_000962.3_RagTag	NC_000962.3_RagTag	85.444	687	99	1	3899259	3899945	3898462	3899147	0.0	785
NC_000962.3_RagTag	NC_000962.3_RagTag	68.647	2070	479	38	519990	521944	517146	519160	0.0	790
NC_000962.3_RagTag	NC_000962.3_RagTag	70.153	1826	529	12	385306	387126	1730420	1732234	0.0	797
NC_000962.3_RagTag	NC_000962.3_RagTag	70.153	1826	529	12	1730420	1732234	385306	387126	0.0	797
NC_000962.3_RagTag	NC_000962.3_RagTag	83.668	747	122	0	3807091	3807837	3805309	3806055	0.0	798
NC_000962.3_RagTag	NC_000962.3_RagTag	66.252	3138	946	42	687396	690460	868500	865403	0.0	798
NC_000962.3_RagTag	NC_000962.3_RagTag	66.252	3138	946	42	865403	868500	690460	687396	0.0	798
NC_000962.3_RagTag	NC_000962.3_RagTag	74.127	1260	325	1	1715124	1716382	2722529	2721270	0.0	800
NC_000962.3_RagTag	NC_000962.3_RagTag	74.127	1260	325	1	2721270	2722529	1716382	1715124	0.0	800
NC_000962.3_RagTag	NC_000962.3_RagTag	68.195	2443	519	74	1012561	1014914	925471	927744	0.0	802
NC_000962.3_RagTag	NC_000962.3_RagTag	64.174	5376	1342	162	3795908	3801042	3796157	3801189	0.0	809
NC_000962.3_RagTag	NC_000962.3_RagTag	80.817	881	167	2	2205036	2205915	4320716	4321595	0.0	820
NC_000962.3_RagTag	NC_000962.3_RagTag	80.817	881	167	2	4320716	4321595	2205036	2205915	0.0	820
NC_000962.3_RagTag	NC_000962.3_RagTag	67.462	2640	826	20	865403	868027	2686879	2684258	0.0	829
NC_000962.3_RagTag	NC_000962.3_RagTag	70.995	1748	469	15	3347568	3349290	1806241	1807975	0.0	834
NC_000962.3_RagTag	NC_000962.3_RagTag	100.000	467	0	0	2707464	2707930	2707464	2707930	0.0	843
NC_000962.3_RagTag	NC_000962.3_RagTag	68.921	2381	653	43	3355838	3358175	1947930	1945594	0.0	843
NC_000962.3_RagTag	NC_000962.3_RagTag	74.047	1364	347	5	3673611	3674972	4232540	4231182	0.0	848
NC_000962.3_RagTag	NC_000962.3_RagTag	74.047	1364	347	5	4231182	4232540	3674972	3673611	0.0	848
NC_000962.3_RagTag	NC_000962.3_RagTag	69.063	2198	626	22	192851	195009	213477	211295	0.0	848
NC_000962.3_RagTag	NC_000962.3_RagTag	69.063	2198	626	22	211295	213477	195009	192851	0.0	848
NC_000962.3_RagTag	NC_000962.3_RagTag	72.588	1565	393	16	2053491	2055028	2698175	2699730	0.0	849
NC_000962.3_RagTag	NC_000962.3_RagTag	72.524	1565	394	15	2698175	2699730	2053491	2055028	0.0	849
NC_000962.3_RagTag	NC_000962.3_RagTag	74.215	1369	347	5	505801	507166	2462190	2460825	0.0	861
NC_000962.3_RagTag	NC_000962.3_RagTag	74.215	1369	347	5	2460825	2462190	507166	505801	0.0	861
NC_000962.3_RagTag	NC_000962.3_RagTag	75.816	1195	249	6	3803447	3804636	3816762	3817921	0.0	862
NC_000962.3_RagTag	NC_000962.3_RagTag	75.816	1195	249	6	3816762	3817921	3803447	3804636	0.0	862
NC_000962.3_RagTag	NC_000962.3_RagTag	83.780	820	120	6	3182140	3182950	4272949	4272134	0.0	865
NC_000962.3_RagTag	NC_000962.3_RagTag	83.780	820	120	6	4272134	4272949	3182950	3182140	0.0	865
NC_000962.3_RagTag	NC_000962.3_RagTag	70.336	1935	413	40	1013157	1015033	928551	930382	0.0	867
NC_000962.3_RagTag	NC_000962.3_RagTag	66.993	2754	626	57	1012559	1015081	427828	425127	0.0	867
NC_000962.3_RagTag	NC_000962.3_RagTag	86.100	741	102	1	1371770	1372509	2030662	2029922	0.0	869
NC_000962.3_RagTag	NC_000962.3_RagTag	86.100	741	102	1	2029922	2030662	1372509	1371770	0.0	869
NC_000962.3_RagTag	NC_000962.3_RagTag	100.000	485	0	0	1562433	1562917	1562433	1562917	0.0	875
NC_000962.3_RagTag	NC_000962.3_RagTag	100.000	488	0	0	3441179	3441666	3441179	3441666	0.0	881
NC_000962.3_RagTag	NC_000962.3_RagTag	69.630	2081	441	43	928595	930594	2063874	2061904	0.0	883
NC_000962.3_RagTag	NC_000962.3_RagTag	69.630	2081	441	43	2061904	2063874	930594	928595	0.0	883
NC_000962.3_RagTag	NC_000962.3_RagTag	69.183	2411	581	58	1297154	1299464	1302109	1304457	0.0	884
NC_000962.3_RagTag	NC_000962.3_RagTag	69.183	2411	581	58	1302109	1304457	1297154	1299464	0.0	884
NC_000962.3_RagTag	NC_000962.3_RagTag	91.456	632	30	7	2100776	2101407	4116731	4116124	0.0	887
NC_000962.3_RagTag	NC_000962.3_RagTag	91.456	632	30	7	4116124	4116731	2101407	2100776	0.0	887
NC_000962.3_RagTag	NC_000962.3_RagTag	73.037	1554	339	21	240901	242409	1653704	1652186	0.0	892
NC_000962.3_RagTag	NC_000962.3_RagTag	73.037	1554	339	21	1652186	1653704	242409	240901	0.0	892
NC_000962.3_RagTag	NC_000962.3_RagTag	72.439	1669	420	17	2053486	2055131	2699929	2701580	0.0	896
NC_000962.3_RagTag	NC_000962.3_RagTag	72.439	1669	420	17	2699929	2701580	2053486	2055131	0.0	896
NC_000962.3_RagTag	NC_000962.3_RagTag	91.311	633	31	4	2695273	2695905	4116123	4116731	0.0	898
NC_000962.3_RagTag	NC_000962.3_RagTag	91.311	633	31	4	4116123	4116731	2695273	2695905	0.0	898
NC_000962.3_RagTag	NC_000962.3_RagTag	91.104	652	33	8	1248056	1248682	2101412	2100761	0.0	902
NC_000962.3_RagTag	NC_000962.3_RagTag	91.104	652	33	8	2100761	2101412	1248682	1248056	0.0	902
NC_000962.3_RagTag	NC_000962.3_RagTag	76.612	1210	280	1	1778098	1779304	4125389	4126598	0.0	905
NC_000962.3_RagTag	NC_000962.3_RagTag	76.612	1210	280	1	4125389	4126598	1778098	1779304	0.0	905
NC_000962.3_RagTag	NC_000962.3_RagTag	72.822	1630	413	14	1560325	1561939	1564028	1565642	0.0	907
NC_000962.3_RagTag	NC_000962.3_RagTag	72.822	1630	413	14	1564028	1565642	1560325	1561939	0.0	907
NC_000962.3_RagTag	NC_000962.3_RagTag	71.188	1902	410	39	928532	930382	430005	428191	0.0	909
NC_000962.3_RagTag	NC_000962.3_RagTag	91.808	647	28	5	1248063	1248684	2695276	2695922	0.0	929
NC_000962.3_RagTag	NC_000962.3_RagTag	91.808	647	28	5	2695276	2695922	1248063	1248684	0.0	929
NC_000962.3_RagTag	NC_000962.3_RagTag	68.730	2536	598	54	1012602	1015057	430548	428128	0.0	931
NC_000962.3_RagTag	NC_000962.3_RagTag	78.497	1144	223	8	3820390	3821514	3822136	3823275	0.0	939
NC_000962.3_RagTag	NC_000962.3_RagTag	78.497	1144	223	8	3822136	3823275	3820390	3821514	0.0	939
NC_000962.3_RagTag	NC_000962.3_RagTag	70.662	2069	569	19	1401961	1404007	3342996	3340944	0.0	944
NC_000962.3_RagTag	NC_000962.3_RagTag	70.662	2069	569	19	3340944	3342996	1404007	1401961	0.0	944
NC_000962.3_RagTag	NC_000962.3_RagTag	79.850	1067	206	2	3822179	3823242	3805333	3806393	0.0	955
NC_000962.3_RagTag	NC_000962.3_RagTag	79.009	1110	214	3	3820403	3821496	3805302	3806408	0.0	956
NC_000962.3_RagTag	NC_000962.3_RagTag	73.281	1658	403	16	1941912	1943542	3361922	3360278	0.0	957
NC_000962.3_RagTag	NC_000962.3_RagTag	73.281	1658	403	16	3360278	3361922	1943542	1941912	0.0	957
NC_000962.3_RagTag	NC_000962.3_RagTag	98.582	564	8	0	3197223	3197786	3200119	3200682	0.0	982
NC_000962.3_RagTag	NC_000962.3_RagTag	98.582	564	8	0	3200119	3200682	3197223	3197786	0.0	982
NC_000962.3_RagTag	NC_000962.3_RagTag	79.781	1098	199	4	3820394	3821472	3815039	3816132	0.0	983
NC_000962.3_RagTag	NC_000962.3_RagTag	78.979	1175	219	10	3816751	3817920	3820348	3821499	0.0	986
NC_000962.3_RagTag	NC_000962.3_RagTag	78.979	1175	219	10	3820348	3821499	3816751	3817920	0.0	986
NC_000962.3_RagTag	NC_000962.3_RagTag	70.262	2216	497	41	2062002	2064169	428121	430222	0.0	987
NC_000962.3_RagTag	NC_000962.3_RagTag	69.762	2477	648	42	3310175	3312593	3320220	3322653	0.0	993
NC_000962.3_RagTag	NC_000962.3_RagTag	69.802	2477	647	43	3320220	3322653	3310175	3312593	0.0	993
NC_000962.3_RagTag	NC_000962.3_RagTag	80.939	1086	205	2	3822161	3823245	3815060	3816144	0.0	1019
NC_000962.3_RagTag	NC_000962.3_RagTag	73.092	1769	462	7	1789015	1790772	1806210	1807975	0.0	1026
NC_000962.3_RagTag	NC_000962.3_RagTag	73.092	1769	462	7	1806210	1807975	1789015	1790772	0.0	1026
NC_000962.3_RagTag	NC_000962.3_RagTag	81.523	1077	199	0	3808953	3810029	3815071	3816147	0.0	1046
NC_000962.3_RagTag	NC_000962.3_RagTag	81.523	1077	199	0	3815071	3816147	3808953	3810029	0.0	1046
NC_000962.3_RagTag	NC_000962.3_RagTag	77.339	1368	300	7	790572	791934	3260289	3258927	0.0	1048
NC_000962.3_RagTag	NC_000962.3_RagTag	77.339	1368	300	7	3258927	3260289	791934	790572	0.0	1048
NC_000962.3_RagTag	NC_000962.3_RagTag	69.781	2515	727	20	295629	298124	781359	783859	0.0	1049
NC_000962.3_RagTag	NC_000962.3_RagTag	69.781	2515	727	20	781359	783859	295629	298124	0.0	1049
NC_000962.3_RagTag	NC_000962.3_RagTag	68.901	2775	822	21	865403	868158	629202	631954	0.0	1057
NC_000962.3_RagTag	NC_000962.3_RagTag	80.380	1157	213	3	3808950	3810099	3816829	3817978	0.0	1063
NC_000962.3_RagTag	NC_000962.3_RagTag	80.380	1157	213	3	3816829	3817978	3808950	3810099	0.0	1063
NC_000962.3_RagTag	NC_000962.3_RagTag	76.427	1472	269	21	426493	427934	429274	430697	0.0	1067
NC_000962.3_RagTag	NC_000962.3_RagTag	76.427	1472	269	21	429274	430697	426493	427934	0.0	1067
NC_000962.3_RagTag	NC_000962.3_RagTag	82.202	1090	189	3	3805333	3806418	3815078	3816166	0.0	1083
NC_000962.3_RagTag	NC_000962.3_RagTag	82.202	1090	189	3	3815078	3816166	3805333	3806418	0.0	1083
NC_000962.3_RagTag	NC_000962.3_RagTag	87.514	873	85	5	1181246	1182109	1183347	1184204	0.0	1083
NC_000962.3_RagTag	NC_000962.3_RagTag	87.514	873	85	5	1183347	1184204	1181246	1182109	0.0	1083
NC_000962.3_RagTag	NC_000962.3_RagTag	79.017	1282	263	4	3066478	3067756	3067847	3069125	0.0	1087
NC_000962.3_RagTag	NC_000962.3_RagTag	79.017	1282	263	4	3067847	3069125	3066478	3067756	0.0	1087
NC_000962.3_RagTag	NC_000962.3_RagTag	80.384	1198	216	5	3814980	3816169	3816744	3817930	0.0	1096
NC_000962.3_RagTag	NC_000962.3_RagTag	80.384	1198	216	5	3816744	3817930	3814980	3816169	0.0	1096
NC_000962.3_RagTag	NC_000962.3_RagTag	87.973	873	81	5	1181246	1182109	3012286	3013143	0.0	1101
NC_000962.3_RagTag	NC_000962.3_RagTag	71.018	2229	537	23	3352580	3354795	4131797	4133929	0.0	1103
NC_000962.3_RagTag	NC_000962.3_RagTag	71.018	2229	537	23	4131797	4133929	3352580	3354795	0.0	1103
NC_000962.3_RagTag	NC_000962.3_RagTag	79.823	1244	246	3	3374940	3376182	3378029	3379268	0.0	1104
NC_000962.3_RagTag	NC_000962.3_RagTag	79.823	1244	246	3	3378029	3379268	3374940	3376182	0.0	1104
NC_000962.3_RagTag	NC_000962.3_RagTag	100.000	616	0	0	2709780	2710395	2709780	2710395	0.0	1112
NC_000962.3_RagTag	NC_000962.3_RagTag	78.697	1366	283	3	790572	791934	3400031	3398671	0.0	1146
NC_000962.3_RagTag	NC_000962.3_RagTag	70.922	2483	616	37	3315598	3318021	3320220	3322655	0.0	1152
NC_000962.3_RagTag	NC_000962.3_RagTag	70.922	2483	616	37	3320220	3322655	3315598	3318021	0.0	1152
NC_000962.3_RagTag	NC_000962.3_RagTag	71.740	2293	577	27	3340679	3342922	4348326	4350596	0.0	1157
NC_000962.3_RagTag	NC_000962.3_RagTag	71.740	2293	577	27	4348326	4350596	3340679	3342922	0.0	1157
NC_000962.3_RagTag	NC_000962.3_RagTag	70.784	2461	648	23	3315387	3317816	3326569	3328989	0.0	1158
NC_000962.3_RagTag	NC_000962.3_RagTag	70.784	2461	648	23	3326569	3328989	3315387	3317816	0.0	1158
NC_000962.3_RagTag	NC_000962.3_RagTag	78.587	1387	265	7	3808672	3810051	3820142	3821503	0.0	1160
NC_000962.3_RagTag	NC_000962.3_RagTag	78.587	1387	265	7	3820142	3821503	3808672	3810051	0.0	1160
NC_000962.3_RagTag	NC_000962.3_RagTag	79.024	1373	276	6	790573	791941	4358454	4357090	0.0	1162
NC_000962.3_RagTag	NC_000962.3_RagTag	79.024	1373	276	6	4357090	4358454	791941	790573	0.0	1162
NC_000962.3_RagTag	NC_000962.3_RagTag	72.120	2170	461	32	1248813	1250904	3142650	3144753	0.0	1172
NC_000962.3_RagTag	NC_000962.3_RagTag	72.120	2170	461	32	3142650	3144753	1248813	1250904	0.0	1172
NC_000962.3_RagTag	NC_000962.3_RagTag	67.620	3740	1076	50	1401924	1405580	4350698	4347011	0.0	1182
NC_000962.3_RagTag	NC_000962.3_RagTag	67.620	3740	1076	50	4347011	4350698	1405580	1401924	0.0	1182
NC_000962.3_RagTag	NC_000962.3_RagTag	68.435	3675	1038	64	1398103	1401716	3346911	3343298	0.0	1220
NC_000962.3_RagTag	NC_000962.3_RagTag	68.435	3675	1038	64	3343298	3346911	1401716	1398103	0.0	1220
NC_000962.3_RagTag	NC_000962.3_RagTag	68.255	3673	1068	51	1398101	1401727	4354551	4350931	0.0	1226
NC_000962.3_RagTag	NC_000962.3_RagTag	68.255	3673	1068	51	4350931	4354551	1401727	1398101	0.0	1226
NC_000962.3_RagTag	NC_000962.3_RagTag	76.678	1698	390	3	2049709	2051406	2239064	2240755	0.0	1269
NC_000962.3_RagTag	NC_000962.3_RagTag	76.678	1698	390	3	2239064	2240755	2049709	2051406	0.0	1269
NC_000962.3_RagTag	NC_000962.3_RagTag	81.067	1368	248	6	790572	791936	3167985	3166626	0.0	1283
NC_000962.3_RagTag	NC_000962.3_RagTag	84.391	1166	182	0	807972	809137	1059849	1061014	0.0	1283
NC_000962.3_RagTag	NC_000962.3_RagTag	84.391	1166	182	0	1059849	1061014	807972	809137	0.0	1283
NC_000962.3_RagTag	NC_000962.3_RagTag	100.000	713	0	0	3444090	3444802	3444090	3444802	0.0	1287
NC_000962.3_RagTag	NC_000962.3_RagTag	71.370	2700	729	24	291144	293826	777007	779679	0.0	1316
NC_000962.3_RagTag	NC_000962.3_RagTag	71.370	2700	729	24	777007	779679	291144	293826	0.0	1316
NC_000962.3_RagTag	NC_000962.3_RagTag	86.631	1107	81	10	2095731	2096826	2098855	2099905	0.0	1345
NC_000962.3_RagTag	NC_000962.3_RagTag	86.631	1107	81	10	2098855	2099905	2095731	2096826	0.0	1345
NC_000962.3_RagTag	NC_000962.3_RagTag	76.812	1807	405	7	3258489	3260289	3398233	3400031	0.0	1352
NC_000962.3_RagTag	NC_000962.3_RagTag	76.812	1807	405	7	3398233	3400031	3258489	3260289	0.0	1352
NC_000962.3_RagTag	NC_000962.3_RagTag	100.000	754	0	0	978652	979405	978652	979405	0.0	1361
NC_000962.3_RagTag	NC_000962.3_RagTag	77.487	1759	379	7	3258536	3260288	4356707	4358454	0.0	1371
NC_000962.3_RagTag	NC_000962.3_RagTag	97.775	809	17	1	2509948	2510756	2791593	2792400	0.0	1375
NC_000962.3_RagTag	NC_000962.3_RagTag	97.775	809	17	1	2791593	2792400	2509948	2510756	0.0	1375
NC_000962.3_RagTag	NC_000962.3_RagTag	80.065	1540	244	10	2432086	2433622	4277300	4278779	0.0	1406
NC_000962.3_RagTag	NC_000962.3_RagTag	80.065	1540	244	10	4277300	4278779	2432086	2433622	0.0	1406
NC_000962.3_RagTag	NC_000962.3_RagTag	100.000	780	0	0	3443210	3443989	3443210	3443989	0.0	1407
NC_000962.3_RagTag	NC_000962.3_RagTag	70.249	3247	906	25	1077261	1080476	1611477	1608260	0.0	1443
NC_000962.3_RagTag	NC_000962.3_RagTag	70.249	3247	906	25	1608260	1611477	1080476	1077261	0.0	1443
NC_000962.3_RagTag	NC_000962.3_RagTag	79.650	1656	312	9	1941913	1943557	1948309	1949950	0.0	1450
NC_000962.3_RagTag	NC_000962.3_RagTag	81.161	1550	180	29	1274395	1275909	1276365	1277837	0.0	1450
NC_000962.3_RagTag	NC_000962.3_RagTag	81.161	1550	180	29	1276365	1277837	1274395	1275909	0.0	1450
NC_000962.3_RagTag	NC_000962.3_RagTag	70.318	3433	933	44	1948311	1951684	3361919	3358514	0.0	1477
NC_000962.3_RagTag	NC_000962.3_RagTag	70.318	3433	933	44	3358514	3361919	1951684	1948311	0.0	1477
NC_000962.3_RagTag	NC_000962.3_RagTag	78.796	1811	365	7	3166192	3167990	3258491	3260294	0.0	1521
NC_000962.3_RagTag	NC_000962.3_RagTag	78.796	1811	365	7	3258491	3260294	3166192	3167990	0.0	1521
NC_000962.3_RagTag	NC_000962.3_RagTag	94.742	970	39	2	1183240	1184209	3012191	3013148	0.0	1522
NC_000962.3_RagTag	NC_000962.3_RagTag	94.742	970	39	2	3012191	3013148	1183240	1184209	0.0	1522
NC_000962.3_RagTag	NC_000962.3_RagTag	70.428	3642	993	37	3343327	3346929	4350971	4354567	0.0	1622
NC_000962.3_RagTag	NC_000962.3_RagTag	70.428	3642	993	37	4350971	4354567	3343327	3346929	0.0	1622
NC_000962.3_RagTag	NC_000962.3_RagTag	72.762	2882	626	40	425111	427906	2061890	2064698	0.0	1622
NC_000962.3_RagTag	NC_000962.3_RagTag	72.693	2882	628	38	2061890	2064698	425111	427906	0.0	1622
NC_000962.3_RagTag	NC_000962.3_RagTag	75.252	2481	555	28	3315567	3318019	3310144	3312593	0.0	1634
NC_000962.3_RagTag	NC_000962.3_RagTag	70.287	3766	933	50	1944501	1948185	1950861	1954521	0.0	1690
NC_000962.3_RagTag	NC_000962.3_RagTag	70.287	3766	933	50	1950861	1954521	1944501	1948185	0.0	1690
NC_000962.3_RagTag	NC_000962.3_RagTag	79.534	2062	415	4	172815	174872	2950355	2952413	0.0	1805
NC_000962.3_RagTag	NC_000962.3_RagTag	79.534	2062	415	4	2950355	2952413	172815	174872	0.0	1805
NC_000962.3_RagTag	NC_000962.3_RagTag	75.740	2601	584	18	288407	290977	774401	776984	0.0	1808
NC_000962.3_RagTag	NC_000962.3_RagTag	75.740	2601	584	18	774401	776984	288407	290977	0.0	1808
NC_000962.3_RagTag	NC_000962.3_RagTag	100.000	1070	0	0	3442040	3443109	3442040	3443109	0.0	1930
NC_000962.3_RagTag	NC_000962.3_RagTag	78.556	2341	450	15	3802532	3804861	3814086	3816385	0.0	1939
NC_000962.3_RagTag	NC_000962.3_RagTag	78.556	2341	450	15	3814086	3816385	3802532	3804861	0.0	1939
NC_000962.3_RagTag	NC_000962.3_RagTag	82.316	2064	348	5	3165932	3167985	3397975	3400031	0.0	2070
NC_000962.3_RagTag	NC_000962.3_RagTag	82.316	2064	348	5	3397975	3400031	3165932	3167985	0.0	2070
NC_000962.3_RagTag	NC_000962.3_RagTag	76.438	2920	469	52	424329	427118	931396	928566	0.0	2128
NC_000962.3_RagTag	NC_000962.3_RagTag	76.438	2920	469	52	928566	931396	427118	424329	0.0	2128
NC_000962.3_RagTag	NC_000962.3_RagTag	97.669	1287	10	2	2702301	2703567	2704365	2705651	0.0	2195
NC_000962.3_RagTag	NC_000962.3_RagTag	97.669	1287	10	2	2704365	2705651	2702301	2703567	0.0	2195
NC_000962.3_RagTag	NC_000962.3_RagTag	79.123	2644	522	10	3808917	3811539	3822136	3824770	0.0	2262
NC_000962.3_RagTag	NC_000962.3_RagTag	79.123	2644	522	10	3822136	3824770	3808917	3811539	0.0	2262
NC_000962.3_RagTag	NC_000962.3_RagTag	100.000	1295	0	0	3543743	3545037	3543743	3545037	0.0	2336
NC_000962.3_RagTag	NC_000962.3_RagTag	69.147	6317	1786	66	1398101	1404316	1805086	1798832	0.0	2455
NC_000962.3_RagTag	NC_000962.3_RagTag	69.147	6317	1786	66	1798832	1805086	1404316	1398101	0.0	2455
NC_000962.3_RagTag	NC_000962.3_RagTag	100.000	1461	0	0	2331295	2332755	2331295	2332755	0.0	2636
NC_000962.3_RagTag	NC_000962.3_RagTag	86.685	2223	264	8	3040340	3042551	3949858	3947657	0.0	2668
NC_000962.3_RagTag	NC_000962.3_RagTag	86.685	2223	264	8	3947657	3949858	3042551	3040340	0.0	2668
NC_000962.3_RagTag	NC_000962.3_RagTag	70.198	6305	1690	72	1798902	1805098	3340702	3346925	0.0	2746
NC_000962.3_RagTag	NC_000962.3_RagTag	70.198	6305	1690	72	3340702	3346925	1798902	1805098	0.0	2746
NC_000962.3_RagTag	NC_000962.3_RagTag	79.439	3351	641	20	3805122	3808445	3816628	3819957	0.0	2891
NC_000962.3_RagTag	NC_000962.3_RagTag	79.439	3351	641	20	3816628	3819957	3805122	3808445	0.0	2891
NC_000962.3_RagTag	NC_000962.3_RagTag	100.000	1649	0	0	2708031	2709679	2708031	2709679	0.0	2975
NC_000962.3_RagTag	NC_000962.3_RagTag	100.000	1658	0	0	3790047	3791704	3790047	3791704	0.0	2991
NC_000962.3_RagTag	NC_000962.3_RagTag	100.000	1812	0	0	2233686	2235497	2233686	2235497	0.0	3268
NC_000962.3_RagTag	NC_000962.3_RagTag	81.281	3467	567	29	2369770	2373222	2375334	2378732	0.0	3270
NC_000962.3_RagTag	NC_000962.3_RagTag	81.281	3467	567	29	2375334	2378732	2369770	2373222	0.0	3270
NC_000962.3_RagTag	NC_000962.3_RagTag	72.031	6382	1628	62	1798802	1805098	4348254	4354563	0.0	3324
NC_000962.3_RagTag	NC_000962.3_RagTag	72.031	6382	1628	62	4348254	4354563	1798802	1805098	0.0	3324
NC_000962.3_RagTag	NC_000962.3_RagTag	100.000	2042	0	0	564349	566390	564349	566390	0.0	3683
NC_000962.3_RagTag	NC_000962.3_RagTag	100.000	2245	0	0	3996393	3998637	3996393	3998637	0.0	3941
NC_000962.3_RagTag	NC_000962.3_RagTag	100.000	3132	0	0	3791805	3794936	3791805	3794936	0.0	5649
NC_000962.3_RagTag	NC_000962.3_RagTag	100.000	3233	0	0	4004340	4007572	4004340	4007572	0.0	5831
NC_000962.3_RagTag	NC_000962.3_RagTag	100.000	3858	0	0	1252244	1256101	1252244	1256101	0.0	6958
NC_000962.3_RagTag	NC_000962.3_RagTag	100.000	4830	0	0	2374912	2379741	2374912	2379741	0.0	8711
NC_000962.3_RagTag	NC_000962.3_RagTag	100.000	5314	0	0	3998926	4004239	3998926	4004239	0.0	9584
NC_000962.3_RagTag	NC_000962.3_RagTag	100.000	6110	0	0	2332856	2338965	2332856	2338965	0.0	11019
NC_000962.3_RagTag	NC_000962.3_RagTag	100.000	6802	0	0	3898460	3905261	3898460	3905261	0.0	12267
NC_000962.3_RagTag	NC_000962.3_RagTag	100.000	6821	0	0	3296951	3303771	3296951	3303771	0.0	12302
NC_000962.3_RagTag	NC_000962.3_RagTag	100.000	6843	0	0	3049665	3056507	3049665	3056507	0.0	12341
NC_000962.3_RagTag	NC_000962.3_RagTag	100.000	8663	0	0	996486	1005148	996486	1005148	0.0	15623
NC_000962.3_RagTag	NC_000962.3_RagTag	100.000	9865	0	0	922033	931897	922033	931897	0.0	17791
NC_000962.3_RagTag	NC_000962.3_RagTag	100.000	11679	0	0	1550654	1562332	1550654	1562332	0.0	21062
NC_000962.3_RagTag	NC_000962.3_RagTag	100.000	16503	0	0	3795037	3811539	3795037	3811539	0.0	29762
NC_000962.3_RagTag	NC_000962.3_RagTag	100.000	16880	0	0	979506	996385	979506	996385	0.0	30442
NC_000962.3_RagTag	NC_000962.3_RagTag	100.000	17587	0	0	3941906	3959492	3941906	3959492	0.0	31717
NC_000962.3_RagTag	NC_000962.3_RagTag	100.000	18089	0	0	3771858	3789946	3771858	3789946	0.0	32622
NC_000962.3_RagTag	NC_000962.3_RagTag	100.000	20201	0	0	2048686	2068886	2048686	2068886	0.0	36395
NC_000962.3_RagTag	NC_000962.3_RagTag	100.000	23774	0	0	491861	515634	491861	515634	0.0	42874
NC_000962.3_RagTag	NC_000962.3_RagTag	100.000	29140	0	0	667902	697041	667902	697041	0.0	52551
NC_000962.3_RagTag	NC_000962.3_RagTag	100.000	30522	0	0	2235598	2266119	2235598	2266119	0.0	55043
NC_000962.3_RagTag	NC_000962.3_RagTag	100.000	34541	0	0	4177164	4211704	4177164	4211704	0.0	62291
NC_000962.3_RagTag	NC_000962.3_RagTag	100.000	35139	0	0	2339066	2374204	2339066	2374204	0.0	63369
NC_000962.3_RagTag	NC_000962.3_RagTag	100.000	35846	0	0	3960447	3996292	3960447	3996292	0.0	64644
NC_000962.3_RagTag	NC_000962.3_RagTag	100.000	36444	0	0	3905362	3941805	3905362	3941805	0.0	65723
NC_000962.3_RagTag	NC_000962.3_RagTag	100.000	38362	0	0	3258489	3296850	3258489	3296850	0.0	69182
NC_000962.3_RagTag	NC_000962.3_RagTag	100.000	46554	0	0	931998	978551	931998	978551	0.0	83955
NC_000962.3_RagTag	NC_000962.3_RagTag	100.000	46846	0	0	1005240	1052085	1005240	1052085	0.0	84481
NC_000962.3_RagTag	NC_000962.3_RagTag	100.000	48514	0	0	515735	564248	515735	564248	0.0	87489
NC_000962.3_RagTag	NC_000962.3_RagTag	100.000	50467	0	0	3721291	3771757	3721291	3771757	0.0	91011
NC_000962.3_RagTag	NC_000962.3_RagTag	100.000	50979	0	0	1563018	1613996	1563018	1613996	0.0	91935
NC_000962.3_RagTag	NC_000962.3_RagTag	100.000	61729	0	0	1363181	1424909	1363181	1424909	0.0	1.113e+05
NC_000962.3_RagTag	NC_000962.3_RagTag	100.000	64161	0	0	4309257	4373417	4309257	4373417	0.0	1.157e+05
NC_000962.3_RagTag	NC_000962.3_RagTag	100.000	64597	0	0	2266598	2331194	2266598	2331194	0.0	1.165e+05
NC_000962.3_RagTag	NC_000962.3_RagTag	100.000	69382	0	0	3651809	3721190	3651809	3721190	0.0	1.251e+05
NC_000962.3_RagTag	NC_000962.3_RagTag	100.000	71952	0	0	3186437	3258388	3186437	3258388	0.0	1.298e+05
NC_000962.3_RagTag	NC_000962.3_RagTag	100.000	80988	0	0	1967598	2048585	1967598	2048585	0.0	1.461e+05
NC_000962.3_RagTag	NC_000962.3_RagTag	100.000	82183	0	0	2625181	2707363	2625181	2707363	0.0	1.482e+05
NC_000962.3_RagTag	NC_000962.3_RagTag	100.000	85918	0	0	3812442	3898359	3812442	3898359	0.0	1.549e+05
NC_000962.3_RagTag	NC_000962.3_RagTag	100.000	89671	0	0	1162473	1252143	1162473	1252143	0.0	1.617e+05
NC_000962.3_RagTag	NC_000962.3_RagTag	100.000	90084	0	0	401677	491760	401677	491760	0.0	1.625e+05
NC_000962.3_RagTag	NC_000962.3_RagTag	100.000	97361	0	0	4211796	4309156	4211796	4309156	0.0	1.756e+05
NC_000962.3_RagTag	NC_000962.3_RagTag	100.000	98740	0	0	3444903	3543642	3444903	3543642	0.0	1.781e+05
NC_000962.3_RagTag	NC_000962.3_RagTag	100.000	98782	0	0	1614772	1713553	1614772	1713553	0.0	1.781e+05
NC_000962.3_RagTag	NC_000962.3_RagTag	100.000	101348	0	0	566491	667838	566491	667838	0.0	1.828e+05
NC_000962.3_RagTag	NC_000962.3_RagTag	100.000	106556	0	0	1256202	1362757	1256202	1362757	0.0	1.922e+05
NC_000962.3_RagTag	NC_000962.3_RagTag	100.000	106571	0	0	3545138	3651708	3545138	3651708	0.0	1.922e+05
NC_000962.3_RagTag	NC_000962.3_RagTag	100.000	110187	0	0	1052186	1162372	1052186	1162372	0.0	1.987e+05
NC_000962.3_RagTag	NC_000962.3_RagTag	100.000	111178	0	0	1856320	1967497	1856320	1967497	0.0	2.005e+05
NC_000962.3_RagTag	NC_000962.3_RagTag	100.000	125327	0	0	1425227	1550553	1425227	1550553	0.0	2.260e+05
NC_000962.3_RagTag	NC_000962.3_RagTag	100.000	129733	0	0	3056604	3186336	3056604	3186336	0.0	2.340e+05
NC_000962.3_RagTag	NC_000962.3_RagTag	100.000	137207	0	0	3303872	3441078	3303872	3441078	0.0	2.474e+05
NC_000962.3_RagTag	NC_000962.3_RagTag	100.000	142018	0	0	1714005	1856022	1714005	1856022	0.0	2.561e+05
NC_000962.3_RagTag	NC_000962.3_RagTag	100.000	150954	0	0	2898611	3049564	2898611	3049564	0.0	2.722e+05
NC_000962.3_RagTag	NC_000962.3_RagTag	100.000	164599	0	0	2068987	2233585	2068987	2233585	0.0	2.968e+05
NC_000962.3_RagTag	NC_000962.3_RagTag	100.000	169001	0	0	4008063	4177063	4008063	4177063	0.0	3.048e+05
NC_000962.3_RagTag	NC_000962.3_RagTag	100.000	188015	0	0	2710496	2898510	2710496	2898510	0.0	3.391e+05
NC_000962.3_RagTag	NC_000962.3_RagTag	100.000	195981	0	0	1	195981	1	195981	0.0	3.534e+05
NC_000962.3_RagTag	NC_000962.3_RagTag	100.000	205495	0	0	196082	401576	196082	401576	0.0	3.706e+05
NC_000962.3_RagTag	NC_000962.3_RagTag	100.000	224791	0	0	697142	921932	697142	921932	0.0	4.054e+05
NC_000962.3_RagTag	NC_000962.3_RagTag	100.000	245239	0	0	2379842	2625080	2379842	2625080	0.0	4.423e+05
NC_000962.3_RagTag	NC_000962.3_RagTag	100.000	338	0	0	3960009	3960346	3960009	3960346	2.54e-171	610
NC_000962.3_RagTag	NC_000962.3_RagTag	100.000	325	0	0	3811640	3811964	3811640	3811964	2.90e-164	587
NC_000962.3_RagTag	NC_000962.3_RagTag	100.000	316	0	0	3959593	3959908	3959593	3959908	2.23e-159	571
NC_000962.3_RagTag	NC_000962.3_RagTag	100.000	290	0	0	4007673	4007962	4007673	4007962	2.90e-145	524
NC_000962.3_RagTag	NC_000962.3_RagTag	100.000	278	0	0	2266220	2266497	2266220	2266497	9.49e-139	502
NC_000962.3_RagTag	NC_000962.3_RagTag	100.000	277	0	0	3812065	3812341	3812065	3812341	3.31e-138	500
NC_000962.3_RagTag	NC_000962.3_RagTag	100.000	251	0	0	1713654	1713904	1713654	1713904	4.31e-124	453
NC_000962.3_RagTag	NC_000962.3_RagTag	100.000	235	0	0	4373849	4374083	4373849	4374083	2.09e-115	425
NC_000962.3_RagTag	NC_000962.3_RagTag	100.000	231	0	0	4373518	4373748	4373518	4373748	3.10e-113	417
NC_000962.3_RagTag	NC_000962.3_RagTag	100.000	228	0	0	2374305	2374532	2374305	2374532	1.32e-111	412
NC_000962.3_RagTag	NC_000962.3_RagTag	100.000	223	0	0	1362858	1363080	1362858	1363080	6.84e-109	403
NC_000962.3_RagTag	NC_000962.3_RagTag	100.000	179	0	0	2374633	2374811	2374633	2374811	5.26e-85	324
NC_000962.3_RagTag	NC_000962.3_RagTag	100.000	173	0	0	3441767	3441939	3441767	3441939	9.51e-82	313
NC_000962.3_RagTag	NC_000962.3_RagTag	100.000	117	0	0	1425010	1425126	1425010	1425126	2.39e-51	212
NC_000962.3_RagTag	NC_000962.3_RagTag	100.000	97	0	0	1856123	1856219	1856123	1856219	1.72e-40	176
