NC_000962.3	NC_000962.3_RagTag	80.252	714	132	4	3751873	3752580	3816837	3817547	0.0	643
NC_000962.3	NC_000962.3_RagTag	77.443	829	178	4	3756833	3757661	3810593	3811412	0.0	643
NC_000962.3	NC_000962.3_RagTag	69.471	1759	407	50	3945775	3947480	4002558	4004239	0.0	644
NC_000962.3	NC_000962.3_RagTag	65.529	3046	859	64	1878001	1880937	2373221	2370258	0.0	644
NC_000962.3	NC_000962.3_RagTag	65.696	3125	778	94	3941073	3944058	4004346	4007315	0.0	645
NC_000962.3	NC_000962.3_RagTag	65.737	2796	720	65	3947575	3950248	4004344	4007023	0.0	645
NC_000962.3	NC_000962.3_RagTag	72.964	1154	230	23	1188421	1189539	1276281	1277387	0.0	645
NC_000962.3	NC_000962.3_RagTag	67.802	2056	623	25	597974	600009	631212	629176	0.0	646
NC_000962.3	NC_000962.3_RagTag	70.580	1448	386	18	2298243	2299654	579142	577699	0.0	646
NC_000962.3	NC_000962.3_RagTag	65.219	3200	786	89	3946539	3949576	4004343	4007377	0.0	647
NC_000962.3	NC_000962.3_RagTag	76.159	906	145	17	3947989	3948866	4008065	4008927	0.0	648
NC_000962.3	NC_000962.3_RagTag	79.457	774	148	9	3751800	3752566	3808885	3809654	0.0	649
NC_000962.3	NC_000962.3_RagTag	74.668	979	167	16	1190757	1191666	1273945	1274911	0.0	649
NC_000962.3	NC_000962.3_RagTag	66.853	1964	454	30	371965	373887	460829	462636	0.0	650
NC_000962.3	NC_000962.3_RagTag	69.298	1596	346	33	2423321	2424838	3859968	3858439	0.0	651
NC_000962.3	NC_000962.3_RagTag	65.261	3391	869	96	3946790	3950042	3799127	3795908	0.0	651
NC_000962.3	NC_000962.3_RagTag	67.850	2056	622	25	538662	540698	690485	688450	0.0	651
NC_000962.3	NC_000962.3_RagTag	80.168	716	142	0	3758697	3759412	3823918	3824633	0.0	652
NC_000962.3	NC_000962.3_RagTag	80.168	716	142	0	3765783	3766498	3816832	3817547	0.0	652
NC_000962.3	NC_000962.3_RagTag	74.000	1050	230	11	428124	429147	519880	520912	0.0	653
NC_000962.3	NC_000962.3_RagTag	74.000	1050	230	11	429522	430554	518482	519505	0.0	653
NC_000962.3	NC_000962.3_RagTag	83.494	624	98	3	3378710	3379333	443694	443076	0.0	653
NC_000962.3	NC_000962.3_RagTag	73.792	1076	278	4	3730357	3731430	3822169	3823242	0.0	655
NC_000962.3	NC_000962.3_RagTag	79.124	776	158	4	3758655	3759428	3818572	3819345	0.0	655
NC_000962.3	NC_000962.3_RagTag	79.124	776	158	4	3760437	3761210	3816790	3817563	0.0	655
NC_000962.3	NC_000962.3_RagTag	73.748	1078	193	21	838437	839463	427879	426841	0.0	655
NC_000962.3	NC_000962.3_RagTag	68.177	1986	552	33	3246229	3248183	3327051	3328987	0.0	656
NC_000962.3	NC_000962.3_RagTag	66.887	1963	454	29	369274	371081	463520	465441	0.0	656
NC_000962.3	NC_000962.3_RagTag	83.654	624	97	3	351521	352139	3443024	3442401	0.0	657
NC_000962.3	NC_000962.3_RagTag	67.127	2172	555	41	373069	375122	521151	523281	0.0	657
NC_000962.3	NC_000962.3_RagTag	70.870	1356	307	19	3971120	3972443	4055876	4054577	0.0	659
NC_000962.3	NC_000962.3_RagTag	70.870	1356	307	19	3997993	3999292	4029027	4027704	0.0	659
NC_000962.3	NC_000962.3_RagTag	68.698	1920	526	36	1876984	1878873	2379739	2377865	0.0	659
NC_000962.3	NC_000962.3_RagTag	67.112	2171	556	40	430793	432923	464624	466676	0.0	659
NC_000962.3	NC_000962.3_RagTag	73.665	1105	224	18	838437	839506	430642	429570	0.0	661
NC_000962.3	NC_000962.3_RagTag	82.416	654	115	0	374468	375121	463340	463993	0.0	662
NC_000962.3	NC_000962.3_RagTag	66.770	2266	559	46	3947444	3949559	3996416	3998637	0.0	665
NC_000962.3	NC_000962.3_RagTag	73.020	1212	302	15	1551337	1552539	3500215	3499020	0.0	667
NC_000962.3	NC_000962.3_RagTag	73.020	1212	302	15	3436758	3437953	1632383	1631181	0.0	667
NC_000962.3	NC_000962.3_RagTag	65.041	3547	823	114	3946879	3950239	3992002	3995317	0.0	669
NC_000962.3	NC_000962.3_RagTag	80.893	717	135	2	3751875	3752590	3805333	3806048	0.0	669
NC_000962.3	NC_000962.3_RagTag	73.846	1105	222	18	338015	339087	929237	928168	0.0	670
NC_000962.3	NC_000962.3_RagTag	65.120	3750	915	122	3941177	3944679	3992033	3995636	0.0	671
NC_000962.3	NC_000962.3_RagTag	69.308	1691	492	14	1712375	1714053	3347619	3349294	0.0	672
NC_000962.3	NC_000962.3_RagTag	69.308	1691	492	14	3283402	3285077	1789098	1790776	0.0	672
NC_000962.3	NC_000962.3_RagTag	65.279	3266	831	84	3940542	3943731	4004340	4007378	0.0	673
NC_000962.3	NC_000962.3_RagTag	77.976	840	175	4	3756833	3757670	3823821	3824652	0.0	673
NC_000962.3	NC_000962.3_RagTag	77.976	840	175	4	3765686	3766517	3814968	3815805	0.0	673
NC_000962.3	NC_000962.3_RagTag	90.200	500	40	3	1093367	1093866	1182766	1183256	0.0	676
NC_000962.3	NC_000962.3_RagTag	64.319	4557	1095	153	3940343	3944556	3800276	3795908	0.0	677
NC_000962.3	NC_000962.3_RagTag	67.012	2416	716	35	2294810	2297185	3355838	3358212	0.0	680
NC_000962.3	NC_000962.3_RagTag	90.400	500	39	3	1095249	1095739	1180872	1181371	0.0	681
NC_000962.3	NC_000962.3_RagTag	64.117	4498	1090	139	3736992	3741301	3796517	3800678	0.0	682
NC_000962.3	NC_000962.3_RagTag	79.639	776	153	2	3748244	3749015	3816790	3817564	0.0	683
NC_000962.3	NC_000962.3_RagTag	79.639	776	153	2	3758655	3759429	3807066	3807837	0.0	683
NC_000962.3	NC_000962.3_RagTag	67.053	2416	715	35	3291621	3293995	2369763	2372138	0.0	684
NC_000962.3	NC_000962.3_RagTag	80.239	754	146	1	3744688	3745441	3807101	3807851	0.0	687
NC_000962.3	NC_000962.3_RagTag	80.239	754	146	1	3748279	3749029	3803510	3804263	0.0	687
NC_000962.3	NC_000962.3_RagTag	67.796	2273	637	44	3262562	3264770	3320219	3322460	0.0	687
NC_000962.3	NC_000962.3_RagTag	83.956	642	101	2	374467	375107	460798	461438	0.0	687
NC_000962.3	NC_000962.3_RagTag	68.670	1880	504	27	968428	970256	3228325	3226480	0.0	691
NC_000962.3	NC_000962.3_RagTag	67.840	2273	636	44	3256002	3258243	3326779	3328987	0.0	691
NC_000962.3	NC_000962.3_RagTag	74.322	1106	272	7	3730350	3731452	3805316	3806412	0.0	694
NC_000962.3	NC_000962.3_RagTag	79.087	832	168	6	3750028	3750856	3823815	3824643	0.0	695
NC_000962.3	NC_000962.3_RagTag	79.087	832	168	6	3765680	3766508	3808850	3809678	0.0	695
NC_000962.3	NC_000962.3_RagTag	68.694	1891	507	27	3162257	3164113	1057547	1055708	0.0	697
NC_000962.3	NC_000962.3_RagTag	73.567	1169	298	5	2637894	2639052	2706196	2707363	0.0	703
NC_000962.3	NC_000962.3_RagTag	70.884	1494	417	10	202452	203936	779685	781169	0.0	705
NC_000962.3	NC_000962.3_RagTag	70.884	1494	417	10	690477	691961	293934	295418	0.0	705
NC_000962.3	NC_000962.3_RagTag	72.126	1331	318	15	116226	117537	2988160	2989456	0.0	709
NC_000962.3	NC_000962.3_RagTag	72.126	1331	318	15	2920079	2921375	207596	208907	0.0	709
NC_000962.3	NC_000962.3_RagTag	81.511	741	135	2	3756930	3757669	3818608	3819347	0.0	712
NC_000962.3	NC_000962.3_RagTag	72.226	1415	319	30	337754	339114	2063304	2064698	0.0	712
NC_000962.3	NC_000962.3_RagTag	66.627	2544	691	42	370468	372941	518547	521002	0.0	714
NC_000962.3	NC_000962.3_RagTag	66.627	2544	691	42	428189	430644	462023	464496	0.0	714
NC_000962.3	NC_000962.3_RagTag	82.783	697	117	1	3748322	3749015	3808989	3809685	0.0	715
NC_000962.3	NC_000962.3_RagTag	72.934	1234	285	11	2632915	2634123	3550548	3551757	0.0	715
NC_000962.3	NC_000962.3_RagTag	66.679	2617	834	24	2614897	2617494	631798	629201	0.0	715
NC_000962.3	NC_000962.3_RagTag	72.980	1225	283	10	3490476	3491676	2704373	2705573	0.0	716
NC_000962.3	NC_000962.3_RagTag	72.297	1415	318	30	1991225	1992619	429309	430669	0.0	717
NC_000962.3	NC_000962.3_RagTag	73.015	1234	284	11	3490467	3491676	2702301	2703509	0.0	719
NC_000962.3	NC_000962.3_RagTag	66.718	2617	833	24	538687	541284	2686880	2684283	0.0	719
NC_000962.3	NC_000962.3_RagTag	84.830	646	91	2	3847075	3847720	3899173	3899811	0.0	721
NC_000962.3	NC_000962.3_RagTag	67.466	2127	523	32	367901	369878	518416	520522	0.0	725
NC_000962.3	NC_000962.3_RagTag	67.466	2127	523	32	428058	430164	459456	461433	0.0	725
NC_000962.3	NC_000962.3_RagTag	68.505	2067	606	24	463560	465605	2870032	2867990	0.0	726
NC_000962.3	NC_000962.3_RagTag	68.505	2067	606	24	2798554	2800596	555963	553918	0.0	726
NC_000962.3	NC_000962.3_RagTag	94.624	465	25	0	3376927	3377391	3443210	3443674	0.0	727
NC_000962.3	NC_000962.3_RagTag	87.910	579	53	4	1339686	1340251	1614671	1614097	0.0	727
NC_000962.3	NC_000962.3_RagTag	75.422	1066	252	5	1891227	1892287	1940670	1941730	0.0	728
NC_000962.3	NC_000962.3_RagTag	68.897	1958	535	27	1885402	1887303	3358214	3356275	0.0	731
NC_000962.3	NC_000962.3_RagTag	75.114	1097	266	5	3730327	3731421	3808923	3810014	0.0	732
NC_000962.3	NC_000962.3_RagTag	75.516	1066	251	5	1874161	1875221	1957735	1958795	0.0	733
NC_000962.3	NC_000962.3_RagTag	64.814	4391	1129	132	3940808	3944956	3801011	3796795	0.0	734
NC_000962.3	NC_000962.3_RagTag	71.467	1472	390	12	2627176	2628626	2698171	2699633	0.0	735
NC_000962.3	NC_000962.3_RagTag	71.467	1472	390	12	2628785	2630247	2696562	2698012	0.0	735
NC_000962.3	NC_000962.3_RagTag	68.948	1958	534	27	3292058	3293997	1953811	1951910	0.0	736
NC_000962.3	NC_000962.3_RagTag	64.506	4629	1199	134	3945804	3950201	3801583	3797168	0.0	737
NC_000962.3	NC_000962.3_RagTag	64.965	4230	1092	124	3931089	3935114	3991595	3995638	0.0	740
NC_000962.3	NC_000962.3_RagTag	71.791	1496	394	18	2627239	2628723	2053550	2055028	0.0	740
NC_000962.3	NC_000962.3_RagTag	74.705	1103	226	8	3744688	3745786	3820419	3821472	0.0	744
NC_000962.3	NC_000962.3_RagTag	74.705	1103	226	8	3762284	3763337	3803510	3804608	0.0	744
NC_000962.3	NC_000962.3_RagTag	69.466	1965	415	58	925563	927448	925886	927744	0.0	745
NC_000962.3	NC_000962.3_RagTag	78.815	878	186	0	599187	600064	1838737	1839614	0.0	746
NC_000962.3	NC_000962.3_RagTag	78.815	878	186	0	1762013	1762890	689663	690540	0.0	746
NC_000962.3	NC_000962.3_RagTag	73.288	1168	221	8	370427	371505	457986	459151	0.0	746
NC_000962.3	NC_000962.3_RagTag	71.179	1544	408	14	2627182	2628702	2699936	2701465	0.0	749
NC_000962.3	NC_000962.3_RagTag	71.244	1544	407	15	2630550	2632079	2696568	2698088	0.0	749
NC_000962.3	NC_000962.3_RagTag	65.380	3550	931	84	1631228	1634628	761725	765125	0.0	752
NC_000962.3	NC_000962.3_RagTag	68.065	2336	658	39	2300905	2303193	3355836	3358130	0.0	754
NC_000962.3	NC_000962.3_RagTag	71.763	1282	239	8	373094	374287	459351	460597	0.0	755
NC_000962.3	NC_000962.3_RagTag	70.765	1594	391	19	1262577	1264161	3587750	3589277	0.0	756
NC_000962.3	NC_000962.3_RagTag	68.108	2336	657	39	3291619	3293913	2375326	2377614	0.0	758
NC_000962.3	NC_000962.3_RagTag	70.917	1647	421	23	2305289	2306893	3360298	3361928	0.0	760
NC_000962.3	NC_000962.3_RagTag	64.912	4104	1015	118	3939938	3943901	3991838	3995656	0.0	761
NC_000962.3	NC_000962.3_RagTag	70.828	1594	390	19	3527669	3529196	1348341	1349925	0.0	761
NC_000962.3	NC_000962.3_RagTag	73.065	1292	276	14	374471	375705	523755	525031	0.0	764
NC_000962.3	NC_000962.3_RagTag	73.065	1292	276	14	433397	434673	466025	467259	0.0	764
NC_000962.3	NC_000962.3_RagTag	99.766	427	1	0	3731038	3731464	3790077	3790503	0.0	766
NC_000962.3	NC_000962.3_RagTag	70.640	1594	373	18	3527640	3529180	4027502	4029053	0.0	770
NC_000962.3	NC_000962.3_RagTag	68.644	2073	489	40	426773	428802	519990	521944	0.0	774
NC_000962.3	NC_000962.3_RagTag	70.703	1594	372	18	3970918	3972469	3587721	3589261	0.0	774
NC_000962.3	NC_000962.3_RagTag	85.320	688	99	2	3843033	3843720	3898462	3899147	0.0	779
NC_000962.3	NC_000962.3_RagTag	68.483	2202	517	49	925453	927591	430215	428128	0.0	782
NC_000962.3	NC_000962.3_RagTag	75.290	1121	237	6	3744683	3745798	3822160	3823245	0.0	783
NC_000962.3	NC_000962.3_RagTag	75.290	1121	237	6	3764025	3765110	3803505	3804620	0.0	783
NC_000962.3	NC_000962.3_RagTag	70.358	1788	477	22	3283307	3285073	4354805	4356560	0.0	784
NC_000962.3	NC_000962.3_RagTag	70.358	1788	477	22	4299783	4301538	3347524	3349290	0.0	784
NC_000962.3	NC_000962.3_RagTag	83.681	766	111	10	2300065	2300826	2379842	2380597	0.0	786
NC_000962.3	NC_000962.3_RagTag	68.647	2070	479	38	429632	431586	517146	519160	0.0	790
NC_000962.3	NC_000962.3_RagTag	99.107	448	4	0	2163438	2163885	2233686	2234133	0.0	791
NC_000962.3	NC_000962.3_RagTag	66.221	3138	947	42	596920	599984	868500	865403	0.0	793
NC_000962.3	NC_000962.3_RagTag	68.070	2446	517	74	835740	838013	1012561	1014914	0.0	795
NC_000962.3	NC_000962.3_RagTag	68.922	2143	524	49	3946568	3948646	3996407	3998471	0.0	797
NC_000962.3	NC_000962.3_RagTag	70.153	1826	529	12	293822	295642	1730420	1732234	0.0	797
NC_000962.3	NC_000962.3_RagTag	70.153	1826	529	12	1653697	1655511	385306	387126	0.0	797
NC_000962.3	NC_000962.3_RagTag	83.668	747	122	0	3748269	3749015	3805309	3806055	0.0	798
NC_000962.3	NC_000962.3_RagTag	74.227	1261	322	3	1638348	1639606	2722529	2721270	0.0	799
NC_000962.3	NC_000962.3_RagTag	74.127	1260	325	1	2650333	2651592	1716382	1715124	0.0	800
NC_000962.3	NC_000962.3_RagTag	66.284	3138	945	42	775662	778759	690460	687396	0.0	802
NC_000962.3	NC_000962.3_RagTag	70.237	1858	407	38	925733	927514	928596	930383	0.0	819
NC_000962.3	NC_000962.3_RagTag	80.817	881	167	2	2134912	2135791	4320716	4321595	0.0	820
NC_000962.3	NC_000962.3_RagTag	80.817	881	167	2	4265694	4266573	2205036	2205915	0.0	820
NC_000962.3	NC_000962.3_RagTag	67.424	2640	827	20	775662	778286	2686879	2684258	0.0	824
NC_000962.3	NC_000962.3_RagTag	70.995	1748	469	15	3283351	3285073	1806241	1807975	0.0	834
NC_000962.3	NC_000962.3_RagTag	100.000	467	0	0	2636974	2637440	2707464	2707930	0.0	843
NC_000962.3	NC_000962.3_RagTag	68.921	2381	653	43	3291621	3293958	1947930	1945594	0.0	843
NC_000962.3	NC_000962.3_RagTag	74.047	1364	347	5	3616203	3617564	4232540	4231182	0.0	848
NC_000962.3	NC_000962.3_RagTag	74.047	1364	347	5	4174963	4176321	3674972	3673611	0.0	848
NC_000962.3	NC_000962.3_RagTag	69.063	2198	626	22	100646	102804	213477	211295	0.0	848
NC_000962.3	NC_000962.3_RagTag	69.063	2198	626	22	119925	122107	195009	192851	0.0	848
NC_000962.3	NC_000962.3_RagTag	72.524	1565	394	15	2628789	2630344	2053491	2055028	0.0	849
NC_000962.3	NC_000962.3_RagTag	72.337	1652	402	26	2299199	2300818	1943543	1941915	0.0	852
NC_000962.3	NC_000962.3_RagTag	67.498	2686	658	55	924952	927523	2064655	2062071	0.0	855
NC_000962.3	NC_000962.3_RagTag	69.598	2240	537	54	1211426	1213580	1302109	1304289	0.0	856
NC_000962.3	NC_000962.3_RagTag	74.215	1369	347	5	415563	416928	2462190	2460825	0.0	861
NC_000962.3	NC_000962.3_RagTag	74.215	1369	347	5	2388650	2390015	507166	505801	0.0	861
NC_000962.3	NC_000962.3_RagTag	75.816	1195	249	6	3744625	3745814	3816762	3817921	0.0	862
NC_000962.3	NC_000962.3_RagTag	75.816	1195	249	6	3758627	3759786	3803447	3804636	0.0	862
NC_000962.3	NC_000962.3_RagTag	73.784	1419	294	20	149530	150903	1653704	1652319	0.0	863
NC_000962.3	NC_000962.3_RagTag	83.780	820	120	6	3116382	3117192	4272949	4272134	0.0	865
NC_000962.3	NC_000962.3_RagTag	83.780	820	120	6	4215915	4216730	3182950	3182140	0.0	865
NC_000962.3	NC_000962.3_RagTag	86.100	741	102	1	1287355	1288094	2030662	2029922	0.0	869
NC_000962.3	NC_000962.3_RagTag	86.100	741	102	1	1963420	1964160	1372509	1371770	0.0	869
NC_000962.3	NC_000962.3_RagTag	100.000	485	0	0	1481186	1481670	1562433	1562917	0.0	875
NC_000962.3	NC_000962.3_RagTag	69.515	2083	440	43	838864	840863	2063874	2061904	0.0	876
NC_000962.3	NC_000962.3_RagTag	100.000	488	0	0	3377216	3377703	3441179	3441666	0.0	881
NC_000962.3	NC_000962.3_RagTag	69.630	2081	441	43	1989825	1991795	930594	928595	0.0	883
NC_000962.3	NC_000962.3_RagTag	91.456	632	30	7	2030347	2030978	4116731	4116124	0.0	887
NC_000962.3	NC_000962.3_RagTag	91.456	632	30	7	4059984	4060591	2101407	2100776	0.0	887
NC_000962.3	NC_000962.3_RagTag	72.973	1554	340	21	1572342	1573860	242409	240901	0.0	887
NC_000962.3	NC_000962.3_RagTag	72.378	1640	418	13	2305268	2306885	1949936	1948310	0.0	889
NC_000962.3	NC_000962.3_RagTag	91.506	624	29	4	2625887	2626510	4116123	4116722	0.0	891
NC_000962.3	NC_000962.3_RagTag	85.788	774	108	2	3842149	3842921	3899173	3899945	0.0	893
NC_000962.3	NC_000962.3_RagTag	72.439	1669	420	17	2630543	2632194	2053486	2055131	0.0	896
NC_000962.3	NC_000962.3_RagTag	91.311	633	31	4	4059983	4060591	2695273	2695905	0.0	898
NC_000962.3	NC_000962.3_RagTag	76.529	1210	281	1	4069249	4070458	1778098	1779304	0.0	901
NC_000962.3	NC_000962.3_RagTag	71.000	1900	408	38	838820	840652	1013157	1014980	0.0	901
NC_000962.3	NC_000962.3_RagTag	91.104	652	33	8	1160539	1161165	2101412	2100761	0.0	902
NC_000962.3	NC_000962.3_RagTag	91.104	652	33	8	2030332	2030983	1248682	1248056	0.0	902
NC_000962.3	NC_000962.3_RagTag	100.000	500	0	0	3945098	3945597	4009697	4010196	0.0	902
NC_000962.3	NC_000962.3_RagTag	72.789	1628	413	14	1482628	1484240	1560327	1561939	0.0	903
NC_000962.3	NC_000962.3_RagTag	69.298	2420	572	59	1216336	1218693	1297154	1299464	0.0	903
NC_000962.3	NC_000962.3_RagTag	76.612	1210	280	1	1701375	1702581	4125389	4126598	0.0	905
NC_000962.3	NC_000962.3_RagTag	72.822	1630	413	14	1479233	1480847	1564028	1565642	0.0	907
NC_000962.3	NC_000962.3_RagTag	100.000	506	0	0	890956	891461	3771858	3772363	0.0	913
NC_000962.3	NC_000962.3_RagTag	97.588	539	13	0	3735640	3736178	3791166	3791704	0.0	914
NC_000962.3	NC_000962.3_RagTag	77.674	1178	201	17	1190948	1192109	1274778	1275909	0.0	919
NC_000962.3	NC_000962.3_RagTag	91.499	647	30	5	2625890	2626536	1248063	1248684	0.0	920
NC_000962.3	NC_000962.3_RagTag	68.718	2535	600	55	336573	338993	1015057	1012602	0.0	923
NC_000962.3	NC_000962.3_RagTag	73.480	1546	369	11	3735405	3736919	3823686	3825221	0.0	928
NC_000962.3	NC_000962.3_RagTag	91.808	647	28	5	1160546	1161167	2695276	2695922	0.0	929
NC_000962.3	NC_000962.3_RagTag	78.497	1144	223	8	3762255	3763379	3822136	3823275	0.0	939
NC_000962.3	NC_000962.3_RagTag	78.497	1144	223	8	3764001	3765140	3820390	3821514	0.0	939
NC_000962.3	NC_000962.3_RagTag	70.662	2069	569	19	1317607	1319653	3342996	3340944	0.0	944
NC_000962.3	NC_000962.3_RagTag	70.710	2069	568	19	3276727	3278779	1404007	1401961	0.0	948
NC_000962.3	NC_000962.3_RagTag	73.221	1658	404	16	3296061	3297705	1943542	1941912	0.0	953
NC_000962.3	NC_000962.3_RagTag	79.009	1110	214	3	3762268	3763361	3805302	3806408	0.0	956
NC_000962.3	NC_000962.3_RagTag	73.281	1658	403	16	1875403	1877033	3361922	3360278	0.0	957
NC_000962.3	NC_000962.3_RagTag	67.738	2799	635	56	924988	927615	427828	425127	0.0	966
NC_000962.3	NC_000962.3_RagTag	98.582	564	8	0	3132892	3133455	3200119	3200682	0.0	982
NC_000962.3	NC_000962.3_RagTag	98.582	564	8	0	3135788	3136351	3197223	3197786	0.0	982
NC_000962.3	NC_000962.3_RagTag	79.781	1098	199	4	3762259	3763337	3815039	3816132	0.0	983
NC_000962.3	NC_000962.3_RagTag	78.979	1175	219	10	3758616	3759785	3820348	3821499	0.0	986
NC_000962.3	NC_000962.3_RagTag	78.979	1175	219	10	3762213	3763364	3816751	3817920	0.0	986
NC_000962.3	NC_000962.3_RagTag	70.262	2216	497	41	1989923	1992090	428121	430222	0.0	987
NC_000962.3	NC_000962.3_RagTag	69.762	2477	648	43	3256003	3258436	3310175	3312593	0.0	988
NC_000962.3	NC_000962.3_RagTag	69.830	2476	648	40	3245958	3248376	3320220	3322653	0.0	1007
NC_000962.3	NC_000962.3_RagTag	80.939	1086	205	2	3764026	3765110	3815060	3816144	0.0	1019
NC_000962.3	NC_000962.3_RagTag	73.092	1769	462	7	1712292	1714049	1806210	1807975	0.0	1026
NC_000962.3	NC_000962.3_RagTag	73.092	1769	462	7	1729487	1731252	1789015	1790772	0.0	1026
NC_000962.3	NC_000962.3_RagTag	81.430	1077	200	0	3756936	3758012	3808953	3810029	0.0	1041
NC_000962.3	NC_000962.3_RagTag	99.828	581	1	0	3381313	3381893	2897930	2898510	0.0	1044
NC_000962.3	NC_000962.3_RagTag	99.658	584	2	0	1341293	1341876	2897927	2898510	0.0	1045
NC_000962.3	NC_000962.3_RagTag	69.742	2515	728	20	204147	206642	781359	783859	0.0	1045
NC_000962.3	NC_000962.3_RagTag	81.523	1077	199	0	3750131	3751207	3815071	3816147	0.0	1046
NC_000962.3	NC_000962.3_RagTag	77.339	1368	300	7	701364	702726	3260289	3258927	0.0	1048
NC_000962.3	NC_000962.3_RagTag	77.339	1368	300	7	3194835	3196197	791934	790572	0.0	1048
NC_000962.3	NC_000962.3_RagTag	91.907	729	59	0	2196660	2197388	1362757	1362029	0.0	1049
NC_000962.3	NC_000962.3_RagTag	69.781	2515	727	20	692151	694651	295629	298124	0.0	1049
NC_000962.3	NC_000962.3_RagTag	68.937	2775	821	21	775662	778417	629202	631954	0.0	1061
NC_000962.3	NC_000962.3_RagTag	80.380	1157	213	3	3750128	3751277	3816829	3817978	0.0	1063
NC_000962.3	NC_000962.3_RagTag	80.380	1157	213	3	3758694	3759843	3808950	3810099	0.0	1063
NC_000962.3	NC_000962.3_RagTag	76.562	1472	267	23	337719	339142	426493	427934	0.0	1067
NC_000962.3	NC_000962.3_RagTag	82.202	1090	189	3	3746511	3747596	3815078	3816166	0.0	1083
NC_000962.3	NC_000962.3_RagTag	82.202	1090	189	3	3756943	3758031	3805333	3806418	0.0	1083
NC_000962.3	NC_000962.3_RagTag	79.017	1282	263	4	3000615	3001893	3067847	3069125	0.0	1087
NC_000962.3	NC_000962.3_RagTag	79.017	1282	263	4	3001984	3003262	3066478	3067756	0.0	1087
NC_000962.3	NC_000962.3_RagTag	87.629	873	84	5	1095830	1096687	1181246	1182109	0.0	1087
NC_000962.3	NC_000962.3_RagTag	80.384	1198	216	5	3758609	3759795	3814980	3816169	0.0	1096
NC_000962.3	NC_000962.3_RagTag	80.467	1198	215	5	3756845	3758034	3816744	3817930	0.0	1101
NC_000962.3	NC_000962.3_RagTag	71.018	2229	537	23	3288363	3290578	4131797	4133929	0.0	1103
NC_000962.3	NC_000962.3_RagTag	71.018	2229	537	23	4075657	4077789	3352580	3354795	0.0	1103
NC_000962.3	NC_000962.3_RagTag	79.823	1244	246	3	3310723	3311965	3378029	3379268	0.0	1104
NC_000962.3	NC_000962.3_RagTag	79.823	1244	246	3	3313812	3315051	3374940	3376182	0.0	1104
NC_000962.3	NC_000962.3_RagTag	100.000	616	0	0	2638998	2639613	2709780	2710395	0.0	1112
NC_000962.3	NC_000962.3_RagTag	81.899	1232	161	33	3121938	3123137	3186697	3187898	0.0	1124
NC_000962.3	NC_000962.3_RagTag	76.317	1575	334	14	2628785	2630341	2699930	2701483	0.0	1131
NC_000962.3	NC_000962.3_RagTag	76.317	1575	334	14	2630544	2632097	2698171	2699727	0.0	1131
NC_000962.3	NC_000962.3_RagTag	99.685	635	2	0	3711737	3712371	978771	979405	0.0	1137
NC_000962.3	NC_000962.3_RagTag	78.697	1366	283	3	701364	702726	3400031	3398671	0.0	1146
NC_000962.3	NC_000962.3_RagTag	70.882	2483	617	37	3251381	3253804	3320220	3322655	0.0	1148
NC_000962.3	NC_000962.3_RagTag	70.744	2461	649	23	3251170	3253599	3326569	3328989	0.0	1153
NC_000962.3	NC_000962.3_RagTag	71.740	2293	577	27	4293304	4295574	3340679	3342922	0.0	1157
NC_000962.3	NC_000962.3_RagTag	70.963	2483	615	37	3256003	3258438	3315598	3318021	0.0	1157
NC_000962.3	NC_000962.3_RagTag	70.784	2461	648	23	3262352	3264772	3315387	3317816	0.0	1158
NC_000962.3	NC_000962.3_RagTag	78.587	1387	265	7	3749850	3751229	3820142	3821503	0.0	1160
NC_000962.3	NC_000962.3_RagTag	78.587	1387	265	7	3762007	3763368	3808672	3810051	0.0	1160
NC_000962.3	NC_000962.3_RagTag	71.784	2293	576	27	3276462	3278705	4348326	4350596	0.0	1161
NC_000962.3	NC_000962.3_RagTag	79.024	1373	276	6	701365	702733	4358454	4357090	0.0	1162
NC_000962.3	NC_000962.3_RagTag	79.024	1373	276	6	4302068	4303432	791941	790573	0.0	1162
NC_000962.3	NC_000962.3_RagTag	72.074	2170	462	32	1161296	1163387	3142650	3144753	0.0	1168
NC_000962.3	NC_000962.3_RagTag	72.120	2170	461	32	3076893	3078996	1248813	1250904	0.0	1172
NC_000962.3	NC_000962.3_RagTag	67.620	3740	1076	50	1317570	1321226	4350698	4347011	0.0	1182
NC_000962.3	NC_000962.3_RagTag	67.647	3740	1075	50	4291989	4295676	1405580	1401924	0.0	1187
NC_000962.3	NC_000962.3_RagTag	68.435	3675	1038	64	1313749	1317362	3346911	3343298	0.0	1220
NC_000962.3	NC_000962.3_RagTag	68.435	3675	1038	64	3279081	3282694	1401716	1398103	0.0	1220
NC_000962.3	NC_000962.3_RagTag	68.255	3673	1068	51	1313747	1317373	4354551	4350931	0.0	1226
NC_000962.3	NC_000962.3_RagTag	68.255	3673	1068	51	4295909	4299529	1401727	1398101	0.0	1226
NC_000962.3	NC_000962.3_RagTag	82.224	1277	193	14	3841533	3842794	3902685	3903942	0.0	1248
NC_000962.3	NC_000962.3_RagTag	79.406	1447	217	20	334957	336379	429308	430697	0.0	1250
NC_000962.3	NC_000962.3_RagTag	72.189	2330	446	47	3946740	3948954	3996393	3998635	0.0	1267
NC_000962.3	NC_000962.3_RagTag	76.678	1698	390	3	2168923	2170614	2049709	2051406	0.0	1269
NC_000962.3	NC_000962.3_RagTag	76.737	1698	389	3	1983080	1984777	2239064	2240755	0.0	1274
NC_000962.3	NC_000962.3_RagTag	68.865	3488	975	49	2297385	2300818	1951741	1948311	0.0	1274
NC_000962.3	NC_000962.3_RagTag	99.860	713	1	0	3380654	3381366	3444090	3444802	0.0	1282
NC_000962.3	NC_000962.3_RagTag	81.067	1368	248	6	701364	702728	3167985	3166626	0.0	1283
NC_000962.3	NC_000962.3_RagTag	84.391	1166	182	0	718764	719929	1059849	1061014	0.0	1283
NC_000962.3	NC_000962.3_RagTag	84.391	1166	182	0	972558	973723	807972	809137	0.0	1283
NC_000962.3	NC_000962.3_RagTag	68.922	3459	959	47	2297442	2300827	3358514	3361929	0.0	1285
NC_000962.3	NC_000962.3_RagTag	70.588	2754	701	28	1479942	1482607	1563018	1565750	0.0	1287
NC_000962.3	NC_000962.3_RagTag	93.380	861	45	4	1093741	1094592	1183347	1184204	0.0	1289
NC_000962.3	NC_000962.3_RagTag	74.063	2055	486	9	1480906	1482959	1560324	1562332	0.0	1306
NC_000962.3	NC_000962.3_RagTag	93.844	861	41	4	1093741	1094592	3012286	3013143	0.0	1307
NC_000962.3	NC_000962.3_RagTag	71.370	2700	729	24	199662	202344	777007	779679	0.0	1316
NC_000962.3	NC_000962.3_RagTag	71.370	2700	729	24	687799	690471	291144	293826	0.0	1316
NC_000962.3	NC_000962.3_RagTag	98.077	780	15	0	3379364	3380143	3443210	3443989	0.0	1340
NC_000962.3	NC_000962.3_RagTag	86.631	1107	81	10	2028426	2029476	2095731	2096826	0.0	1345
NC_000962.3	NC_000962.3_RagTag	86.721	1107	80	10	2025302	2026397	2098855	2099905	0.0	1350
NC_000962.3	NC_000962.3_RagTag	76.812	1807	405	7	3334016	3335814	3258489	3260289	0.0	1352
NC_000962.3	NC_000962.3_RagTag	97.870	798	17	0	1340495	1341292	2696069	2695272	0.0	1363
NC_000962.3	NC_000962.3_RagTag	77.487	1759	379	7	3194444	3196196	4356707	4358454	0.0	1371
NC_000962.3	NC_000962.3_RagTag	97.775	809	17	1	2439140	2439948	2791593	2792400	0.0	1375
NC_000962.3	NC_000962.3_RagTag	97.899	809	16	1	2720635	2721442	2509948	2510756	0.0	1379
NC_000962.3	NC_000962.3_RagTag	79.935	1540	246	10	4221081	4222560	2432086	2433622	0.0	1397
NC_000962.3	NC_000962.3_RagTag	80.065	1540	244	10	2358495	2360031	4277300	4278779	0.0	1406
NC_000962.3	NC_000962.3_RagTag	95.895	877	24	3	3948593	3949469	4008063	4008927	0.0	1417
NC_000962.3	NC_000962.3_RagTag	81.032	1550	182	29	1188871	1190385	1276365	1277837	0.0	1441
NC_000962.3	NC_000962.3_RagTag	70.249	3247	906	25	989970	993185	1611477	1608260	0.0	1443
NC_000962.3	NC_000962.3_RagTag	70.249	3247	906	25	1526858	1530075	1080476	1077261	0.0	1443
NC_000962.3	NC_000962.3_RagTag	79.650	1656	312	9	1875404	1877048	1948309	1949950	0.0	1450
NC_000962.3	NC_000962.3_RagTag	79.650	1656	312	9	1881801	1883442	1941913	1943557	0.0	1450
NC_000962.3	NC_000962.3_RagTag	70.213	3515	928	55	2303444	2306885	1945382	1941914	0.0	1479
NC_000962.3	NC_000962.3_RagTag	94.433	970	42	2	2944269	2945226	1183240	1184209	0.0	1508
NC_000962.3	NC_000962.3_RagTag	94.639	970	40	2	1095723	1096692	3012191	3013148	0.0	1517
NC_000962.3	NC_000962.3_RagTag	78.851	1811	364	7	3100435	3102233	3258491	3260294	0.0	1526
NC_000962.3	NC_000962.3_RagTag	71.632	2947	622	41	333481	336351	2061890	2064698	0.0	1554
NC_000962.3	NC_000962.3_RagTag	91.978	1097	71	4	1532540	1533632	1424787	1423704	0.0	1580
NC_000962.3	NC_000962.3_RagTag	80.046	1754	341	3	4301685	4303432	3398280	3400030	0.0	1581
NC_000962.3	NC_000962.3_RagTag	70.428	3642	993	37	3279110	3282712	4350971	4354567	0.0	1622
NC_000962.3	NC_000962.3_RagTag	70.428	3642	993	37	4295949	4299545	3343327	3346929	0.0	1622
NC_000962.3	NC_000962.3_RagTag	72.693	2882	628	38	1989811	1992619	425111	427906	0.0	1622
NC_000962.3	NC_000962.3_RagTag	75.212	2481	556	28	3251350	3253802	3310144	3312593	0.0	1629
NC_000962.3	NC_000962.3_RagTag	78.063	2065	439	7	3194139	3196197	3397975	3400031	0.0	1663
NC_000962.3	NC_000962.3_RagTag	83.168	1616	232	13	3894017	3895607	1423278	1424878	0.0	1666
NC_000962.3	NC_000962.3_RagTag	70.215	3767	935	49	1877992	1881677	1950861	1954521	0.0	1683
NC_000962.3	NC_000962.3_RagTag	70.260	3766	934	50	1884353	1888013	1944501	1948185	0.0	1685
NC_000962.3	NC_000962.3_RagTag	85.515	1505	130	27	3121826	3123284	3186437	3187899	0.0	1690
NC_000962.3	NC_000962.3_RagTag	75.702	2601	585	18	685193	687776	288407	290977	0.0	1803
NC_000962.3	NC_000962.3_RagTag	79.534	2062	415	4	80610	82667	2950355	2952413	0.0	1805
NC_000962.3	NC_000962.3_RagTag	79.534	2062	415	4	2882275	2884333	172815	174872	0.0	1805
NC_000962.3	NC_000962.3_RagTag	75.740	2601	584	18	196925	199495	774401	776984	0.0	1808
NC_000962.3	NC_000962.3_RagTag	83.019	1749	295	2	4301685	4303432	3166237	3167984	0.0	1809
NC_000962.3	NC_000962.3_RagTag	79.778	2072	398	9	3194139	3196202	3165932	3167990	0.0	1827
NC_000962.3	NC_000962.3_RagTag	74.790	2983	469	70	332699	335549	931396	928565	0.0	1929
NC_000962.3	NC_000962.3_RagTag	100.000	1070	0	0	3378349	3379418	3442040	3443109	0.0	1930
NC_000962.3	NC_000962.3_RagTag	78.513	2341	451	15	3755951	3758250	3802532	3804861	0.0	1934
NC_000962.3	NC_000962.3_RagTag	78.556	2341	450	15	3743710	3746039	3814086	3816385	0.0	1939
NC_000962.3	NC_000962.3_RagTag	98.454	1164	18	0	1633627	1634790	1714005	1715168	0.0	2019
NC_000962.3	NC_000962.3_RagTag	100.000	1160	0	0	1997453	1998612	2331596	2332755	0.0	2093
NC_000962.3	NC_000962.3_RagTag	76.438	2920	469	52	838835	841665	427118	424329	0.0	2128
NC_000962.3	NC_000962.3_RagTag	79.123	2644	522	10	3764001	3766635	3808917	3811539	0.0	2262
NC_000962.3	NC_000962.3_RagTag	99.923	1295	1	0	3482706	3484000	3543743	3545037	0.0	2332
NC_000962.3	NC_000962.3_RagTag	69.131	6317	1787	66	1313747	1319962	1805086	1798832	0.0	2451
NC_000962.3	NC_000962.3_RagTag	69.163	6317	1785	66	1722109	1728363	1404316	1398101	0.0	2460
NC_000962.3	NC_000962.3_RagTag	99.856	1392	2	0	4155517	4156908	4211796	4213187	0.0	2502
NC_000962.3	NC_000962.3_RagTag	100.000	1461	0	0	2261709	2263169	2331295	2332755	0.0	2636
NC_000962.3	NC_000962.3_RagTag	86.640	2223	265	8	2973776	2975987	3949858	3947657	0.0	2663
NC_000962.3	NC_000962.3_RagTag	86.685	2223	264	8	1780616	1782817	3040340	3042551	0.0	2668
NC_000962.3	NC_000962.3_RagTag	99.934	1519	1	0	2163938	2165456	2233979	2235497	0.0	2736
NC_000962.3	NC_000962.3_RagTag	70.198	6305	1690	72	1722179	1728375	3340702	3346925	0.0	2746
NC_000962.3	NC_000962.3_RagTag	70.214	6305	1689	72	3276485	3282708	1798902	1805098	0.0	2750
NC_000962.3	NC_000962.3_RagTag	79.409	3351	642	20	3746300	3749623	3816628	3819957	0.0	2886
NC_000962.3	NC_000962.3_RagTag	79.439	3351	641	20	3758493	3761822	3805122	3808445	0.0	2891
NC_000962.3	NC_000962.3_RagTag	81.159	3105	555	10	3750095	3753178	3822136	3825231	0.0	2945
NC_000962.3	NC_000962.3_RagTag	100.000	1649	0	0	2637404	2639052	2708031	2709679	0.0	2975
NC_000962.3	NC_000962.3_RagTag	81.281	3467	567	29	2300913	2304311	2369770	2373222	0.0	3270
NC_000962.3	NC_000962.3_RagTag	81.309	3467	566	29	2294817	2298269	2375334	2378732	0.0	3275
NC_000962.3	NC_000962.3_RagTag	72.015	6382	1629	62	1722079	1728375	4348254	4354563	0.0	3320
NC_000962.3	NC_000962.3_RagTag	72.046	6382	1627	62	4293232	4299541	1798802	1805098	0.0	3329
NC_000962.3	NC_000962.3_RagTag	99.951	2042	1	0	473913	475954	564349	566390	0.0	3679
NC_000962.3	NC_000962.3_RagTag	99.915	2356	2	0	3892134	3894489	3957137	3959492	0.0	4241
NC_000962.3	NC_000962.3_RagTag	99.925	2662	2	0	2632915	2635576	2704365	2707026	0.0	4792
NC_000962.3	NC_000962.3_RagTag	99.968	3132	1	0	3732601	3735732	3791805	3794936	0.0	5644
NC_000962.3	NC_000962.3_RagTag	99.630	3242	3	1	3941911	3945152	4004340	4007572	0.0	5797
NC_000962.3	NC_000962.3_RagTag	99.948	3858	0	2	1165496	1169351	1252244	1256101	0.0	6942
NC_000962.3	NC_000962.3_RagTag	100.000	4485	0	0	2551367	2555851	2620541	2625025	0.0	8089
NC_000962.3	NC_000962.3_RagTag	99.917	4830	4	0	2300491	2305320	2374912	2379741	0.0	8693
NC_000962.3	NC_000962.3_RagTag	96.035	5498	186	12	3842234	3847720	3898460	3903936	0.0	8908
NC_000962.3	NC_000962.3_RagTag	98.022	5359	58	6	3935924	3941279	3998926	4004239	0.0	9203
NC_000962.3	NC_000962.3_RagTag	99.964	5573	1	1	1895524	1901096	1961871	1967442	0.0	10038
NC_000962.3	NC_000962.3_RagTag	99.433	5646	5	1	1982084	1987702	2048686	2054331	0.0	10058
NC_000962.3	NC_000962.3_RagTag	99.964	5611	2	0	2263115	2268725	2332856	2338466	0.0	10110
NC_000962.3	NC_000962.3_RagTag	99.672	5791	15	3	2366769	2372558	2439002	2444789	0.0	10349
NC_000962.3	NC_000962.3_RagTag	99.916	5953	2	1	3884836	3890788	3951197	3957146	0.0	10712
NC_000962.3	NC_000962.3_RagTag	100.000	6821	0	0	3232760	3239580	3296951	3303771	0.0	12302
NC_000962.3	NC_000962.3_RagTag	99.971	6844	1	1	2983800	2990643	3049665	3056507	0.0	12330
NC_000962.3	NC_000962.3_RagTag	99.943	7049	4	0	1989052	1996100	2061131	2068179	0.0	12695
NC_000962.3	NC_000962.3_RagTag	99.976	8382	2	0	1533570	1541951	1614772	1623153	0.0	15108
NC_000962.3	NC_000962.3_RagTag	99.157	8663	55	5	917669	926325	1005240	1013890	0.0	15288
NC_000962.3	NC_000962.3_RagTag	100.000	8663	0	0	909015	917677	996486	1005148	0.0	15623
NC_000962.3	NC_000962.3_RagTag	99.840	9366	11	3	1779204	1788568	3951268	3941906	0.0	16814
NC_000962.3	NC_000962.3_RagTag	99.979	9540	2	0	2973461	2983000	3040025	3049564	0.0	17196
NC_000962.3	NC_000962.3_RagTag	99.838	9865	16	0	832302	842166	922033	931897	0.0	17719
NC_000962.3	NC_000962.3_RagTag	99.932	10363	7	0	1441519	1451881	1523923	1534285	0.0	18658
NC_000962.3	NC_000962.3_RagTag	99.905	10490	2	1	2785970	2796459	2855570	2866051	0.0	18876
NC_000962.3	NC_000962.3_RagTag	99.966	11679	4	0	1469562	1481240	1550654	1562332	0.0	21044
NC_000962.3	NC_000962.3_RagTag	93.706	16762	628	100	3736124	3752717	3795037	3811539	0.0	25407
NC_000962.3	NC_000962.3_RagTag	99.833	14363	18	2	2045164	2059523	2115467	2129826	0.0	25791
NC_000962.3	NC_000962.3_RagTag	99.980	15018	3	0	2059507	2074524	2129733	2144750	0.0	27070
NC_000962.3	NC_000962.3_RagTag	97.762	16396	258	36	607982	624339	697142	713466	0.0	27850
NC_000962.3	NC_000962.3_RagTag	99.363	16476	2	3	2990640	3007114	3056604	3072977	0.0	29319
NC_000962.3	NC_000962.3_RagTag	99.988	16371	2	0	1451893	1468263	1534183	1550553	0.0	29515
NC_000962.3	NC_000962.3_RagTag	99.964	16880	6	0	891356	908235	979506	996385	0.0	30415
NC_000962.3	NC_000962.3_RagTag	99.939	17917	6	3	2347509	2365423	2421102	2439015	0.0	32253
NC_000962.3	NC_000962.3_RagTag	99.978	17962	2	1	2532052	2550013	2602586	2620545	0.0	32372
NC_000962.3	NC_000962.3_RagTag	99.972	18089	5	0	3712317	3730405	3771858	3789946	0.0	32599
NC_000962.3	NC_000962.3_RagTag	99.726	18629	38	6	3949193	3967817	4008063	4026682	0.0	33350
NC_000962.3	NC_000962.3_RagTag	99.501	21044	78	8	1170678	1191697	1256202	1277242	0.0	37466
NC_000962.3	NC_000962.3_RagTag	99.948	21181	11	0	3820509	3841689	3877179	3898359	0.0	38148
NC_000962.3	NC_000962.3_RagTag	99.655	23789	27	4	401623	425407	491861	515598	0.0	42563
NC_000962.3	NC_000962.3_RagTag	99.983	24061	4	0	3796413	3820473	3853199	3877259	0.0	43374
NC_000962.3	NC_000962.3_RagTag	99.984	24612	4	0	310047	334658	401677	426288	0.0	44367
NC_000962.3	NC_000962.3_RagTag	99.978	26834	6	0	1278766	1305599	1363181	1390014	0.0	48365
NC_000962.3	NC_000962.3_RagTag	99.901	29164	5	1	577402	606565	667902	697041	0.0	52481
NC_000962.3	NC_000962.3_RagTag	99.953	29946	12	1	2431472	2461415	2502280	2532225	0.0	53939
NC_000962.3	NC_000962.3_RagTag	99.957	30531	12	1	2268722	2299251	2343674	2374204	0.0	54997
NC_000962.3	NC_000962.3_RagTag	99.984	30522	5	0	2165457	2195978	2235598	2266119	0.0	55021
NC_000962.3	NC_000962.3_RagTag	99.972	32474	9	0	2796601	2829074	2866037	2898510	0.0	58523
NC_000962.3	NC_000962.3_RagTag	99.985	33445	4	1	4087537	4120981	4143620	4177063	0.0	60288
NC_000962.3	NC_000962.3_RagTag	99.971	34148	10	0	4053415	4087562	4109555	4143702	0.0	61537
NC_000962.3	NC_000962.3_RagTag	100.000	34541	0	0	4120985	4155525	4177164	4211704	0.0	62291
NC_000962.3	NC_000962.3_RagTag	99.969	35000	10	1	1305557	1340555	1389910	1424909	0.0	63065
NC_000962.3	NC_000962.3_RagTag	99.749	35904	5	5	3895465	3931341	3960447	3996292	0.0	64397
NC_000962.3	NC_000962.3_RagTag	99.975	36445	8	1	3847160	3883604	3905362	3941805	0.0	65680
NC_000962.3	NC_000962.3_RagTag	99.799	37248	75	0	2829874	2867121	2898611	2935858	0.0	66835
NC_000962.3	NC_000962.3_RagTag	99.692	38283	10	7	3155991	3194273	3220214	3258388	0.0	68573
NC_000962.3	NC_000962.3_RagTag	99.992	38362	3	0	3194397	3232758	3258489	3296850	0.0	69168
NC_000962.3	NC_000962.3_RagTag	99.230	39331	168	27	925362	964673	1012871	1052085	0.0	69563
NC_000962.3	NC_000962.3_RagTag	99.983	40277	5	2	3554068	3594343	3611433	3651708	0.0	72596
NC_000962.3	NC_000962.3_RagTag	99.958	40561	3	1	3382695	3423255	3444903	3485449	0.0	73079
NC_000962.3	NC_000962.3_RagTag	99.968	40760	4	1	3754307	3795057	3812442	3853201	0.0	73451
NC_000962.3	NC_000962.3_RagTag	99.976	41366	9	1	2306134	2347499	2379842	2421206	0.0	74550
NC_000962.3	NC_000962.3_RagTag	99.983	46209	8	0	2925900	2972108	2993822	3040030	0.0	83297
NC_000962.3	NC_000962.3_RagTag	99.987	46452	6	0	3663933	3710384	3721291	3767742	0.0	83744
NC_000962.3	NC_000962.3_RagTag	99.963	46555	14	2	842277	888829	931998	978551	0.0	83874
NC_000962.3	NC_000962.3_RagTag	99.807	46753	63	6	1998558	2045298	2068987	2115724	0.0	83905
NC_000962.3	NC_000962.3_RagTag	98.991	49432	249	76	3122229	3171582	3186548	3235807	0.0	86778
NC_000962.3	NC_000962.3_RagTag	99.917	48468	23	3	425423	473888	515796	564248	0.0	87228
NC_000962.3	NC_000962.3_RagTag	99.980	50979	10	0	1481616	1532594	1563018	1613996	0.0	91890
NC_000962.3	NC_000962.3_RagTag	99.960	57623	14	1	2372494	2430116	2444669	2502282	0.0	1.038e+05
NC_000962.3	NC_000962.3_RagTag	99.976	58131	13	1	3423250	3481379	3485512	3543642	0.0	1.048e+05
NC_000962.3	NC_000962.3_RagTag	99.969	58621	16	2	2867122	2925741	2935203	2993822	0.0	1.056e+05
NC_000962.3	NC_000962.3_RagTag	99.984	64161	10	0	4254235	4318395	4309257	4373417	0.0	1.157e+05
NC_000962.3	NC_000962.3_RagTag	99.977	64599	12	3	2197166	2261763	2266598	2331194	0.0	1.164e+05
NC_000962.3	NC_000962.3_RagTag	98.958	66627	513	40	333675	400206	425220	491760	0.0	1.170e+05
NC_000962.3	NC_000962.3_RagTag	99.985	66173	10	0	3485057	3551229	3545138	3611310	0.0	1.193e+05
NC_000962.3	NC_000962.3_RagTag	99.990	69382	7	0	3594401	3663782	3651809	3721190	0.0	1.251e+05
NC_000962.3	NC_000962.3_RagTag	99.959	70636	21	4	2461435	2532066	2532128	2602759	0.0	1.272e+05
NC_000962.3	NC_000962.3_RagTag	99.948	78354	21	2	2555848	2634201	2625234	2703567	0.0	1.411e+05
NC_000962.3	NC_000962.3_RagTag	99.907	80991	19	8	1901093	1982083	1967651	2048585	0.0	1.457e+05
NC_000962.3	NC_000962.3_RagTag	99.987	83007	11	0	3970099	4053105	4026683	4109689	0.0	1.496e+05
NC_000962.3	NC_000962.3_RagTag	99.669	86203	152	17	1190841	1276993	1276638	1362757	0.0	1.542e+05
NC_000962.3	NC_000962.3_RagTag	99.891	88934	19	6	2074545	2163407	2144659	2233585	0.0	1.600e+05
NC_000962.3	NC_000962.3_RagTag	99.916	89616	63	1	1075023	1164626	1162528	1252143	0.0	1.613e+05
NC_000962.3	NC_000962.3_RagTag	99.987	89557	12	0	742635	832191	832376	921932	0.0	1.615e+05
NC_000962.3	NC_000962.3_RagTag	99.851	90391	41	7	1543305	1633635	1623149	1713505	0.0	1.625e+05
NC_000962.3	NC_000962.3_RagTag	99.912	92221	21	6	4319317	4411532	1	92166	0.0	1.660e+05
NC_000962.3	NC_000962.3_RagTag	99.978	96081	17	4	4156858	4252936	4213078	4309156	0.0	1.732e+05
NC_000962.3	NC_000962.3_RagTag	99.953	98969	41	2	1342676	1441638	1425227	1524195	0.0	1.783e+05
NC_000962.3	NC_000962.3_RagTag	99.918	101404	25	5	475979	577380	566491	667838	0.0	1.825e+05
NC_000962.3	NC_000962.3_RagTag	99.930	103816	32	3	1	103776	92167	195981	0.0	1.869e+05
NC_000962.3	NC_000962.3_RagTag	99.972	105620	19	2	1789811	1895420	1856320	1961938	0.0	1.903e+05
NC_000962.3	NC_000962.3_RagTag	99.973	110099	20	2	964938	1075026	1052220	1162318	0.0	1.984e+05
NC_000962.3	NC_000962.3_RagTag	99.908	119517	51	9	623140	742634	712363	831842	0.0	2.151e+05
NC_000962.3	NC_000962.3_RagTag	99.893	124475	25	6	2996106	3120578	3061968	3186336	0.0	2.239e+05
NC_000962.3	NC_000962.3_RagTag	99.870	137327	59	9	3239655	3376981	3303872	3441078	0.0	2.469e+05
NC_000962.3	NC_000962.3_RagTag	99.944	142051	25	4	1637229	1779278	1714005	1856002	0.0	2.558e+05
NC_000962.3	NC_000962.3_RagTag	99.971	145079	21	1	2639559	2784616	2710496	2855574	0.0	2.615e+05
NC_000962.3	NC_000962.3_RagTag	99.821	205511	219	37	104713	310092	196083	401576	0.0	3.689e+05
NC_000962.3	NC_000962.3_RagTag	66.274	2547	674	56	672517	674960	1711089	1713553	6.44e-179	636
NC_000962.3	NC_000962.3_RagTag	100.000	338	0	0	3895000	3895337	3960009	3960346	2.56e-171	610
NC_000962.3	NC_000962.3_RagTag	100.000	325	0	0	3752706	3753030	3811640	3811964	2.92e-164	587
NC_000962.3	NC_000962.3_RagTag	99.684	316	1	0	3894623	3894938	3959593	3959908	9.56e-158	566
NC_000962.3	NC_000962.3_RagTag	68.418	1523	392	25	430006	431467	515735	517229	8.96e-152	546
NC_000962.3	NC_000962.3_RagTag	78.413	630	100	4	2030348	2030977	2704280	2703687	1.33e-149	538
NC_000962.3	NC_000962.3_RagTag	100.000	290	0	0	3945543	3945832	4007673	4007962	2.93e-145	524
NC_000962.3	NC_000962.3_RagTag	100.000	278	0	0	2196660	2196937	2266220	2266497	9.57e-139	502
NC_000962.3	NC_000962.3_RagTag	99.639	277	1	0	3753109	3753385	3812065	3812341	1.42e-136	496
NC_000962.3	NC_000962.3_RagTag	72.565	842	160	11	3842943	3843779	3903281	3904056	1.73e-135	492
NC_000962.3	NC_000962.3_RagTag	76.667	630	137	5	3760393	3761014	3791077	3791704	2.93e-126	461
NC_000962.3	NC_000962.3_RagTag	76.975	595	103	7	424944	425506	515042	515634	1.25e-124	455
NC_000962.3	NC_000962.3_RagTag	100.000	251	0	0	1637033	1637283	1713654	1713904	4.35e-124	453
NC_000962.3	NC_000962.3_RagTag	70.360	1029	293	9	3477706	3478728	3769096	3768074	1.52e-123	452
NC_000962.3	NC_000962.3_RagTag	99.561	228	1	0	2300065	2300292	2374305	2374532	5.66e-110	407
NC_000962.3	NC_000962.3_RagTag	99.552	223	0	1	1277675	1277896	1362858	1363080	3.57e-106	395
NC_000962.3	NC_000962.3_RagTag	96.537	231	8	0	4358788	4359018	4373518	4373748	2.25e-102	381
NC_000962.3	NC_000962.3_RagTag	86.174	311	32	6	2266436	2266740	2340411	2340716	3.82e-93	351
NC_000962.3	NC_000962.3_RagTag	92.181	243	16	2	888712	888952	3771516	3771757	4.65e-92	347
NC_000962.3	NC_000962.3_RagTag	92.340	235	18	0	4364795	4365029	4373849	4374083	5.67e-91	343
NC_000962.3	NC_000962.3_RagTag	87.547	265	20	3	3846558	3846813	3904837	3905097	4.36e-86	328
NC_000962.3	NC_000962.3_RagTag	100.000	179	0	0	2300329	2300507	2374633	2374811	5.31e-85	324
NC_000962.3	NC_000962.3_RagTag	100.000	173	0	0	3378215	3378387	3441767	3441939	9.60e-82	313
NC_000962.3	NC_000962.3_RagTag	96.721	183	5	1	964784	964965	1052186	1052368	6.06e-78	300
NC_000962.3	NC_000962.3_RagTag	70.840	607	154	6	3747179	3747778	3790077	3790667	3.14e-75	291
NC_000962.3	NC_000962.3_RagTag	68.821	789	224	16	1416207	1416986	3770905	3770130	1.52e-66	262
NC_000962.3	NC_000962.3_RagTag	68.787	676	205	4	3478965	3479637	3767812	3767140	2.26e-64	256
NC_000962.3	NC_000962.3_RagTag	100.000	128	0	0	3552585	3552712	3611308	3611435	2.58e-57	232
NC_000962.3	NC_000962.3_RagTag	100.000	123	0	0	888898	889020	978652	978774	1.33e-54	223
NC_000962.3	NC_000962.3_RagTag	100.000	117	0	0	1341234	1341350	1425010	1425126	2.41e-51	212
NC_000962.3	NC_000962.3_RagTag	71.353	377	107	1	3757595	3757970	3790057	3790433	7.89e-45	190
NC_000962.3	NC_000962.3_RagTag	100.000	97	0	0	1789757	1789853	1856123	1856219	1.74e-40	176
NC_000962.3	NC_000962.3_RagTag	66.667	597	163	11	4169576	4170165	2061071	2061638	1.10e-36	163
NC_000962.3	NC_000962.3_RagTag	82.237	152	23	3	3964171	3964318	3904679	3904528	1.03e-30	143
NC_000962.3	NC_000962.3_RagTag	88.785	107	11	1	2260138	2260243	2068704	2068810	1.52e-28	136
NC_000962.3	NC_000962.3_RagTag	95.775	71	3	0	742564	742634	831843	831773	4.98e-22	115
NC_000962.3	NC_000962.3_RagTag	100.000	59	0	0	3890774	3890832	2625239	2625181	7.40e-20	107
NC_000962.3	NC_000962.3_RagTag	100.000	58	0	0	3892079	3892136	2625080	2625023	2.58e-19	105
NC_000962.3	NC_000962.3_RagTag	100.000	58	0	0	1987699	1987756	1162315	1162372	2.58e-19	105
NC_000962.3	NC_000962.3_RagTag	100.000	57	0	0	2431417	2431473	1967497	1967441	9.01e-19	104
NC_000962.3	NC_000962.3_RagTag	100.000	56	0	0	2635575	2635630	2338910	2338965	3.15e-18	102
NC_000962.3	NC_000962.3_RagTag	100.000	56	0	0	2365413	2365468	1162528	1162473	3.15e-18	102
NC_000962.3	NC_000962.3_RagTag	98.305	59	1	0	3890774	3890832	2338907	2338965	3.15e-18	103
NC_000962.3	NC_000962.3_RagTag	95.312	64	3	0	2785916	2785979	2338965	2338902	3.15e-18	103
NC_000962.3	NC_000962.3_RagTag	98.305	59	1	0	3120519	3120577	1967656	1967598	3.15e-18	103
NC_000962.3	NC_000962.3_RagTag	100.000	55	0	0	3736201	3736255	3790047	3790101	1.10e-17	100
NC_000962.3	NC_000962.3_RagTag	100.000	55	0	0	3892080	3892134	2339066	2339120	1.10e-17	100
NC_000962.3	NC_000962.3_RagTag	100.000	55	0	0	2261709	2261763	2068832	2068886	1.10e-17	100
NC_000962.3	NC_000962.3_RagTag	98.276	58	1	0	1997402	1997459	2339066	2339123	1.10e-17	101
NC_000962.3	NC_000962.3_RagTag	82.979	94	16	0	1340244	1340337	3904084	3904177	3.83e-17	98.7
NC_000962.3	NC_000962.3_RagTag	92.424	66	5	0	663387	663452	3485441	3485506	1.34e-16	97.8
NC_000962.3	NC_000962.3_RagTag	94.545	55	3	0	3846563	3846617	3905207	3905261	2.42e-13	86.9
NC_000962.3	NC_000962.3_RagTag	87.500	72	7	2	3707570	3707640	3485442	3485512	2.95e-12	83.3
NC_000962.3	NC_000962.3_RagTag	84.810	79	8	3	2078781	2078859	1855942	1856016	3.59e-11	79.7
NC_000962.3	NC_000962.3_RagTag	91.379	58	2	3	3104985	3105040	3771571	3771515	5.33e-09	72.5
NC_000962.3	NC_000962.3_RagTag	77.011	87	20	0	1927220	1927306	1855936	1856022	6.49e-08	68.0
NC_000962.3	NC_000962.3_RagTag	64.356	404	119	8	3873576	3873959	2061056	2061454	2.26e-07	67.1
NC_000962.3	NC_000962.3_RagTag	83.333	60	9	1	3803860	3803918	3771571	3771512	9.63e-06	60.8
NC_000962.3	NC_000962.3_RagTag	81.967	61	8	2	279541	279598	3771571	3771511	4.09e-04	55.4
NC_000962.3	NC_000962.3_RagTag	79.710	69	12	2	3954259	3954326	831777	831844	4.09e-04	55.4
NC_000962.3	NC_000962.3_RagTag	72.826	92	24	1	2049321	2049411	3904078	3904169	0.017	50.9
NC_000962.3	NC_000962.3_RagTag	81.250	64	8	4	1828792	1828853	3771510	3771571	0.061	48.2
NC_000962.3	NC_000962.3_RagTag	70.103	97	29	0	775923	776019	2060358	2060262	0.74	45.5
NC_000962.3	NC_000962.3_RagTag	83.333	42	7	0	670457	670498	2057403	2057444	0.74	45.5
NC_000962.3	NC_000962.3_RagTag	87.879	33	4	0	3264677	3264709	2342807	2342839	2.6	42.8
NC_000962.3	NC_000962.3_RagTag	79.167	48	10	0	980269	980316	832048	832095	2.6	42.8
NC_000962.3	NC_000962.3_RagTag	96.154	26	1	0	3356349	3356374	2058703	2058678	2.6	43.7
NC_000962.3	NC_000962.3_RagTag	90.323	31	3	0	3332257	3332287	2055290	2055260	2.6	43.7
NC_000962.3	NC_000962.3_RagTag	84.615	39	5	1	2666269	2666306	3769640	3769602	9.0	41.0
NC_000962.3	NC_000962.3_RagTag	76.812	69	10	4	1952916	1952980	2343045	2342979	9.0	41.0
NC_000962.3	NC_000962.3_RagTag	80.000	45	9	0	597985	598029	2058587	2058631	9.0	41.9
