LT708304.1
103811 104746
333994 336890
401237 402652
578362 578477
834016 834125
839627 839764
840823 841184
841386 841490
844357 844466
891019 891086
891841 892185
1169829 1171154
1191831 1192547
1278394 1280165
1342384 1343950
1412829 1417209
1470720 1472006
1483685 1484059
1535039 1536013
1634449 1635728
1637147 1638380
1750220 1752372
1778344 1779585
1971891 1972040
2160550 2161946
2192759 2193209
2245090 2246440
2287576 2288814
2608952 2609888
2800283 2801081
2838423 2838988
2943892 2944690
3080183 3081415
3155202 3155324
3338009 3339319
3342339 3342810
3442339 3443664
3444960 3445698
3459849 3461185
3488196 3489371
3489946 3490341
3673335 3673978
3692069 3692535
3710664 3711276
3835714 3836979
3845241 3846215
3882565 3882741
3884242 3884781
3889930 3890219
3890797 3890913
3894273 3895868
3896475 3897203
3915446 3917726
4097231 4097401
4259082 4260001
